10.0, 146.2725462066391
10.025, 146.27065861668578
10.05, 146.26880207404918
10.075, 146.2669765583218
10.1, 146.26518204909615
10.125000000000002, 146.26341852596494
10.150000000000002, 146.2616859685204
10.175000000000002, 146.25998435635518
10.200000000000003, 146.25831366906175
10.225000000000003, 146.25667388623265
10.250000000000004, 146.25506498746043
10.275000000000004, 146.25348695233754
10.300000000000004, 146.25193976045648
10.325000000000003, 146.25042339140987
10.350000000000003, 146.2489378247901
10.375000000000004, 146.24748304018973
10.400000000000006, 146.24605901720128
10.425000000000006, 146.2446657354173
10.450000000000006, 146.2433031744302
10.475000000000009, 146.2419713138326
10.500000000000009, 146.24067013321695
10.525000000000007, 146.23939961217576
10.550000000000008, 146.23815973030162
10.575000000000008, 146.23695046718694
10.600000000000009, 146.23577180242427
10.625000000000009, 146.23462371560618
10.65000000000001, 146.2335061863251
10.67500000000001, 146.23241919417353
10.70000000000001, 146.2313627187441
10.72500000000001, 146.23033673962925
10.750000000000007, 146.22934123642148
10.775000000000013, 146.2283761887133
10.800000000000011, 146.22744157609725
10.825000000000012, 141.1672918494196
10.850000000000012, 146.22566357451163
10.875000000000012, 146.224820144727
10.900000000000013, 146.22400706840455
10.925000000000011, 146.2232243251368
10.950000000000014, 146.22247189451627
10.975000000000014, 146.2217497561354
11.000000000000014, 146.2210578895868
11.025000000000016, 146.22039627446293
11.050000000000017, 146.21976489035626
11.075000000000017, 146.21916371685938
11.100000000000017, 146.2185927335648
11.125000000000016, 146.21805192006502
11.150000000000016, 146.21754125595248
11.175000000000017, 146.2170607208198
11.200000000000017, 146.2166102942594
11.225000000000017, 146.21618995586388
11.250000000000016, 146.2157996852257
11.275000000000016, 146.21543946193736
11.300000000000017, 146.21510926559142
11.325000000000019, 146.21480907578038
11.35000000000002, 146.21453887209674
11.37500000000002, 146.21429863413297
11.40000000000002, 140.19381048512108
11.425000000000017, 146.21390797373527
11.450000000000019, 146.21375751048635
11.47500000000002, 144.91121811809177
11.50000000000002, 146.21354621585095
11.525000000000027, 142.71940467443915
11.550000000000026, 142.6224605925128
11.575000000000026, 140.52481976365388
11.600000000000026, 143.426478350123
11.625000000000027, 125.32743255082039
11.650000000000027, 141.22767860362387
11.675000000000026, 146.21374567639612
11.700000000000026, 136.02603142645398
11.725000000000026, 137.92413088913224
11.750000000000027, 134.8215075943873
11.775000000000027, 145.71815801250045
11.800000000000026, 146.21477956904124
11.825000000000026, 130.50926614373955
11.850000000000026, 144.40371708136027
11.875000000000027, 146.21575524851
11.900000000000027, 143.19039623194203
11.925000000000026, 146.21655342131504
11.950000000000026, 146.21699676244288
11.975000000000026, 142.86481078872137
12.000000000000027, 125.75477575287977
12.025000000000027, 143.64398262603794
12.05000000000003, 131.53242864784514
12.07500000000003, 137.4201111482872
12.100000000000026, 144.30702755146754
12.125000000000027, 145.19317537948115
12.150000000000027, 129.07855225638238
12.175000000000033, 146.22231080100482
12.200000000000033, 146.22304798319797
12.225000000000033, 141.7300350363239
12.250000000000036, 121.61230653270673
12.275000000000036, 146.2254350793395
12.300000000000033, 146.22628922654906
12.325000000000033, 130.25442751700962
12.350000000000033, 137.13356487144387
12.375000000000036, 142.01191518182964
12.400000000000036, 119.88947733139378
12.425000000000036, 127.76625035543893
12.450000000000037, 130.6422334465087
12.475000000000035, 146.23308444078822
12.500000000000036, 133.3918274178224
12.525000000000036, 122.26543751730395
12.550000000000036, 137.13825613334538
12.575000000000037, 131.01028332582052
12.600000000000035, 124.88151934502342
12.625000000000036, 111.75196463756356
12.650000000000038, 129.6216198523619
12.675000000000038, 135.4904858467515
12.700000000000038, 143.35856369267904
12.725000000000039, 130.225854683007
12.750000000000036, 110.09236033791599
12.775000000000038, 124.95808241140537
12.800000000000038, 140.82302289789064
12.825000000000038, 139.68718403889608
12.850000000000039, 137.55056832984093
12.875000000000036, 132.41317852691677
12.900000000000038, 146.25549889297903
12.925000000000045, 113.13608900997268
12.950000000000045, 134.99639617532293
12.975000000000042, 119.8559430198975
13.000000000000046, 119.71473370992835
13.025000000000045, 134.57277271545362
13.050000000000045, 116.4300648177557
13.075000000000045, 141.28661511686494
13.100000000000046, 124.14242903912378
13.125000000000046, 124.9975123448086
13.150000000000045, 115.8518711358027
13.175000000000045, 129.705511863315
13.200000000000045, 120.55844133563966
13.225000000000046, 108.41066672594981
13.250000000000046, 114.26219558011914
13.275000000000048, 123.11303582456515
13.300000000000047, 103.96319577410549
13.325000000000047, 111.81268413982137
13.350000000000048, 119.66151003691955
13.375000000000048, 96.50968299258363
13.400000000000048, 126.357212953808
13.425000000000047, 93.2041102952027
13.450000000000047, 119.05038582676197
13.47500000000005, 133.89605080158472
13.50000000000005, 120.74111692353793
13.52500000000005, 119.58559635485041
13.55000000000005, 110.42950172362731
13.57500000000005, 95.27284613127222
13.600000000000053, 109.11564315980544
13.625000000000053, 109.95790687906607
13.650000000000052, 116.79965185378302
13.675000000000052, 104.64089315050308
13.700000000000053, 125.48164634436222
13.725000000000053, 120.32192752568325
13.750000000000053, 100.16175330638757
13.775000000000055, 125.0011408262047
13.800000000000054, 104.84010775866217
13.825000000000054, 91.67867231684247
13.850000000000055, 104.51685325888762
13.875000000000055, 115.35466989323632
13.900000000000055, 109.19214208357415
13.925000000000054, 114.02929025348132
13.950000000000054, 97.86613539075708
13.975000000000055, 108.70269905140479
14.000000000000055, 114.53900336325648
14.025000000000055, 104.37507102921884
14.050000000000058, 122.21092533012133
14.075000000000058, 106.04659012714507
14.100000000000055, 106.88208986381457
14.12500000000006, 103.71744956753018
14.150000000000059, 95.5526948506218
14.17500000000006, 114.38785191090318
14.20000000000006, 108.22294753170603
14.22500000000006, 118.05800908137304
14.25000000000006, 85.89306451218928
14.275000000000059, 101.72814235873136
14.30000000000006, 104.5632717356128
14.32500000000006, 98.39848233460674
14.350000000000062, 114.23380442112384
14.375000000000062, 104.06926883002616
14.400000000000064, 100.90490696075682
14.425000000000065, 113.7407507717666
14.450000000000065, 97.57683277421668
14.475000000000064, 107.41318602494039
14.500000000000064, 109.24984411864568
14.525000000000064, 105.08684117933836
14.550000000000065, 100.92421185095412
14.575000000000065, 106.76199128717647
14.600000000000064, 107.60021514043152
14.625000000000064, 90.43891955003996
14.650000000000064, 100.2781411295166
14.675000000000065, 103.1179169530011
14.700000000000069, 75.95828454081197
14.725000000000069, 107.79928184411038
14.75000000000007, 103.64094722866591
14.77500000000007, 91.48331945771687
14.80000000000007, 101.32643767391798
14.825000000000069, 91.17034138036885
14.850000000000069, 117.01507042072411
14.87500000000007, 90.86066495837774
14.90000000000007, 91.70716545472493
14.92500000000007, 105.55461264650216
14.950000000000069, 93.40304752220833
14.975000000000069, 103.25251129761114
15.000000000000071, 97.10304539034766
15.025000000000071, 97.95469139362669
15.050000000000072, 98.80749104904429
15.075000000000072, 97.66148621852373
15.100000000000069, 85.51671885539949
15.125000000000071, 102.37323097465591
15.150000000000071, 82.23106462234688
15.175000000000074, 83.09026184421208
15.200000000000074, 96.95086465351795
15.225000000000074, 84.81291499814647
15.250000000000075, 91.67645472696145
15.275000000000071, 76.54152555548332
15.300000000000074, 88.40816903090251
15.325000000000074, 109.2764264964693
15.350000000000074, 91.14633905529521
15.375000000000075, 97.01794753360505
15.400000000000071, 98.89129244348283
15.425000000000074, 93.76641394515184
15.450000000000074, 103.64335180883553
15.475000000000078, 91.52214537624867
15.500000000000078, 89.40283352176104
15.52500000000008, 97.28545461329378
15.55000000000008, 89.17004647298936
15.575000000000081, 99.0566463377195
15.600000000000081, 82.94529081947738
15.625000000000082, 88.83601586571396
15.65000000000008, 94.72885671967435
15.67500000000008, 91.62384788078944
15.700000000000081, 74.52102306518105
15.725000000000081, 99.42041516633772
15.750000000000082, 87.32205621601491
15.77500000000008, 81.22597734542117
15.80000000000008, 83.13220874673992
15.825000000000086, 98.04077963505028
15.850000000000088, 80.9517182106997
15.875000000000085, 81.86505162219478
15.900000000000086, 80.78080592967444
15.925000000000086, 81.69900606904085
15.950000000000086, 73.61967581682428
15.975000000000088, 106.5428377557788
16.000000000000085, 92.46851323962096
16.025000000000087, 101.39672233312194
16.050000000000086, 98.32748344154874
16.075000000000088, 104.2608097475681
16.100000000000087, 106.19667813268276
16.125000000000085, 98.13479962207069
16.150000000000087, 114.07319905337485
16.17500000000009, 97.00090763483487
16.200000000000088, 128.86701035585142
16.225000000000087, 111.47435616137241
16.250000000000092, 139.19141432749822
16.27500000000009, 146.7197270433387
16.30000000000009, 141.57340598551045
16.325000000000088, 146.73028297164888
16.35000000000009, 140.3625295896765
16.375000000000092, 146.7409425184789
16.40000000000009, 146.74631109782013
16.42500000000009, 146.75170552056886
16.45000000000009, 146.75712576631759
16.475000000000094, 67.35432442404021
16.500000000000092, 67.35979625456656
16.52500000000009, 67.36529384687037
16.550000000000093, 67.37081718054428
16.575000000000095, 72.85952013916668
16.600000000000094, 67.38194099037236
16.625000000000092, 102.1867713079279
16.650000000000095, 92.12589929354635
16.675000000000097, 91.81265029860566
16.700000000000095, 97.30042813739419
16.725000000000094, 79.42181373250556
16.750000000000096, 84.45073646391616
16.775000000000098, 105.46151615040432
16.800000000000097, 85.4709334168142
16.825000000000095, 102.4821455643352
16.850000000000094, 91.49563027386677
16.8750000000001, 87.51142317749213
16.900000000000098, 93.5294973949309
16.925000000000097, 78.54981734477413
16.9500000000001, 91.5723451625068
16.9750000000001, 105.59704135483263
17.0000000000001, 81.62386486560064
17.025000000000098, 103.65277309155566
17.0500000000001, 93.68372189485943
17.075000000000102, 87.71666561570365
17.1000000000001, 96.75155708506554
17.1250000000001, 92.78834763744749
17.1500000000001, 89.82698712343529
17.175000000000104, 119.86742392191204
17.200000000000102, 92.90960495177632
17.2250000000001, 105.95347568302167
17.250000000000107, 88.99898014702923
17.275000000000105, 92.04606094594595
17.300000000000104, 100.09465926100464
17.325000000000102, 91.14471485965092
17.350000000000104, 99.19616610133284
17.375000000000107, 81.2489499418115
17.400000000000105, 89.30300193583557
17.425000000000104, 79.3582562380281
17.450000000000106, 91.41464560181706
17.475000000000108, 84.4721013762419
17.500000000000107, 92.53055350045824
17.525000000000105, 107.58993049575454
17.550000000000107, 99.65015945489039
17.57500000000011, 92.71116602855207
17.600000000000108, 87.77287440871926
17.62500000000011, 88.83520730872084
17.65000000000011, 67.89808593975094
17.67500000000011, 81.9614299836042
17.70000000000011, 87.02515756137745
17.725000000000108, 86.08918519786954
17.75000000000011, 104.1534277814004
17.775000000000116, 86.21779851875047
17.80000000000011, 78.28220888490532
17.82500000000011, 106.34656856727477
17.850000000000108, 94.41078540402745
17.875000000000114, 97.47476531616708
17.900000000000116, 94.53841223294563
17.92500000000011, 86.60162801018265
17.950000000000113, 76.66431234103385
17.975000000000115, 106.7263626587104
18.000000000000114, 86.7876740306247
18.025000000000123, 90.8481390433887
18.050000000000114, 87.90764767805459
18.07500000000012, 77.96608717493751
18.100000000000115, 88.0233418873045
18.125000000000114, 73.07929312315991
18.150000000000123, 103.13381897429565
18.17500000000012, 102.18679413169758
18.20000000000012, 91.23808968633057
18.225000000000115, 76.28757291423733
18.25000000000012, 103.33510704479227
18.275000000000123, 105.3805510108509
18.30000000000012, 97.42375917942218
18.32500000000012, 102.46458106136697
18.350000000000122, 89.50286099848896
18.37500000000012, 96.53843782622957
18.400000000000123, 86.57114451001775
18.42500000000012, 104.60080775312964
18.45000000000012, 94.62724757371899
18.475000000000122, 82.65027684844108
18.50000000000012, 84.66970081984698
18.525000000000123, 107.68531656444122
18.55000000000012, 86.69691241798155
18.575000000000124, 85.70426735425718
18.600000000000122, 95.70715031318886
18.62500000000012, 94.70531947366399
18.650000000000123, 107.69852146603924
18.675000000000125, 96.68649051869781
18.700000000000124, 90.66894753245106
18.725000000000122, 99.64559907588911
18.750000000000124, 90.61613629403146
18.77500000000013, 112.58023372176956
18.800000000000125, 112.53754799263065
18.825000000000124, 86.4877164323126
18.85000000000013, 91.43035552521141
18.875000000000128, 100.36505924078139
18.90000000000013, 94.2913972050046
18.925000000000125, 88.20891270046704
18.950000000000127, 112.11712047652782
18.97500000000013, 100.01550434877359
19.000000000000128, 94.90351456433835
19.02500000000013, 95.78056490668789
19.05000000000013, 105.64602951006489
19.075000000000127, 97.49923934988233
19.10000000000013, 106.33947837087901
19.125000000000128, 100.16597920970119
19.15000000000013, 117.97791846264431
19.17500000000013, 111.77441144244304
19.200000000000127, 100.55450636008138
19.22500000000013, 125.3171778584144
19.250000000000128, 99.06131981373164
19.275000000000134, 106.78573730897415
19.30000000000013, 106.48913766782556
19.325000000000127, 97.17012042193446
19.350000000000133, 82.8271660636295
19.375000000000135, 110.45862341307902
19.400000000000134, 97.06269540122287
19.42500000000013, 90.63742303711419
19.450000000000134, 105.18066728949
19.475000000000136, 96.69008856612624
19.500000000000135, 87.16312341918925
19.525000000000134, 93.59695803832992
19.550000000000136, 118.98849801306947
19.575000000000134, 92.33433374883157
19.600000000000136, 114.63070080261238
19.625000000000135, 106.87343425940693
19.650000000000137, 85.05791609233171
19.67500000000014, 78.17901422920035
19.700000000000134, 85.231011774975
19.725000000000136, 84.20752449891059
19.750000000000146, 109.10140426929524
19.77500000000014, 88.90462558471978
19.80000000000014, 112.60815168003742
19.825000000000134, 103.20177584142377
19.85000000000014, 100.67393250257328
19.875000000000146, 88.01147135546239
19.90000000000014, 79.19938602058248
19.92500000000014, 72.22048668807118
19.95000000000014, 91.05500343745432
19.975000000000147, 108.68010350140874
20.000000000000146, 68.37078872468021
20.02500000000014, 94.19173457662906
20.050000000000146, 91.01127175459384
20.075000000000145, 75.485407216416
20.100000000000147, 80.56388601629057
20.125000000000146, 82.18698279414711
20.150000000000144, 70.28333357380866
20.175000000000146, 78.76718342628641
20.200000000000145, 71.53486057212407
20.225000000000147, 93.46020682794186
20.250000000000146, 70.3885564200933
20.275000000000148, 84.12857915826265
20.300000000000146, 90.44065707054824
20.325000000000145, 99.01881109680596
20.350000000000147, 85.45897368960152
20.37500000000015, 111.19628038531374
20.400000000000148, 99.37220895637054
20.425000000000146, 114.55162484483498
20.45000000000015, 129.14789642371966
20.475000000000147, 145.34940099308398
20.50000000000015, 147.96141725715376
20.525000000000148, 147.97077388543028
20.550000000000146, 147.98015298987877
20.575000000000152, 147.98955455009195
20.600000000000147, 139.79337384292103
20.62500000000015, 71.69508859274652
20.650000000000148, 68.6096463706258
20.67500000000016, 68.61913754982243
20.700000000000152, 68.62865108274582
20.725000000000147, 148.0464343396079
20.75000000000016, 148.05599251876447
20.77500000000016, 148.0655729904247
20.80000000000016, 68.666928343564
20.825000000000152, 68.67655333900984
20.85000000000016, 68.68620056574127
20.87500000000016, 68.69587000334559
20.90000000000016, 138.36861876700732
20.92500000000016, 68.71527542954937
20.95000000000016, 148.1332587679517
20.97500000000016, 148.1430168449806
21.00000000000016, 68.74454964022812
21.02500000000016, 68.75435191452402
21.05000000000016, 68.76417625684235
21.07500000000016, 108.8174808255402
21.10000000000016, 108.52147266810317
21.12500000000016, 127.39596114696627
21.15000000000016, 133.3566069933985
21.17500000000016, 142.61843825089963
21.20000000000016, 130.09013268106972
21.22500000000016, 148.24181023408676
21.25000000000016, 148.25181038591444
21.27500000000016, 136.01985190088345
21.30000000000016, 148.27187632222729
21.32500000000016, 127.46855524708775
21.35000000000016, 122.87702554659155
21.375000000000163, 140.07779484731256
21.40000000000016, 123.26113687216234
21.42500000000016, 110.5818402891945
21.450000000000166, 148.33259772308645
21.47500000000016, 113.12125106291096
21.500000000000163, 128.53205844551152
21.525000000000162, 110.4721243965205
21.55000000000016, 131.00249845907382
21.575000000000166, 106.17457572890919
21.60000000000016, 139.03177684447414
21.625000000000163, 102.61090749978645
21.650000000000166, 122.9432656775339
21.675000000000168, 112.05554766024142
21.700000000000166, 104.97059180443242
21.72500000000016, 118.7079904286232
21.750000000000167, 95.28459386392079
21.775000000000173, 112.71492600012863
21.800000000000168, 120.01152703401749
21.825000000000166, 108.18523626362276
21.85000000000017, 126.24542546099735
21.87500000000017, 92.20019145816852
21.900000000000173, 114.05651500656563
21.925000000000168, 105.82039165716675
21.950000000000173, 110.49693931235757
21.975000000000172, 101.09048618617166
22.00000000000017, 111.60464214816218
22.025000000000173, 109.04235579225279
22.05000000000017, 120.40595904278996
22.075000000000173, 126.69720066508773
22.100000000000172, 114.91726966841458
22.12500000000017, 103.06680925881827
22.150000000000173, 108.14592170212882
22.17500000000017, 107.1541641798849
22.200000000000173, 114.09053544945861
22.225000000000172, 111.95345284121147
22.25000000000017, 95.74071882647895
22.275000000000176, 103.44947605566068
22.30000000000017, 111.07614937847816
22.325000000000173, 115.61637289787691
22.350000000000176, 108.06489954923617
22.375000000000178, 103.41549000457047
22.400000000000176, 97.66077683425468
22.42500000000017, 110.79209875972242
22.450000000000177, 92.79929842365014
22.475000000000186, 111.67047528676073
22.500000000000178, 91.39168289268044
22.525000000000176, 112.94655663166758
22.550000000000185, 98.31585401298992
22.57500000000018, 109.47688394889062
22.600000000000186, 78.40279412894361
22.625000000000178, 107.0616754612932
22.65000000000018, 83.41542867583749
22.675000000000185, 96.41831891280448
22.70000000000018, 106.01511707095847
22.725000000000186, 105.13868828005616
22.75000000000018, 94.70683263773779
22.77500000000019, 79.61810286904694
22.800000000000185, 88.74620442218887
22.82500000000018, 93.93240318918367
22.850000000000186, 110.97508109918326
22.875000000000185, 101.61508264515807
22.90000000000019, 104.51444669888495
22.925000000000185, 95.22335807183174
22.95000000000019, 109.12198043652134
22.975000000000186, 122.3001968654016
23.000000000000185, 140.2779275447937
23.02500000000019, 143.34286939884845
23.050000000000185, 149.028064138319
23.07500000000019, 149.0396082171838
23.100000000000186, 149.05117269065693
23.125000000000185, 149.06275753833097
23.15000000000019, 149.07436273979874
23.17500000000019, 149.0859882746522
23.20000000000019, 149.09763412248367
23.225000000000186, 149.1093002628868
23.250000000000192, 149.12098667545342
23.27500000000019, 149.13269333977496
23.30000000000019, 149.1444202354469
23.32500000000019, 69.74791995144005
23.35000000000019, 69.75968724858558
23.375000000000192, 69.77147471585704
23.40000000000019, 69.7832823328472
23.42500000000019, 69.79511007914834
23.45000000000019, 69.80695793435314
23.4750000000002, 69.8188258780541
23.500000000000192, 69.83071388984354
23.52500000000019, 69.8426219493142
23.5500000000002, 69.85455003605847
23.575000000000195, 69.86649812966891
23.6000000000002, 69.87846620973801
23.625000000000192, 99.57152597992553
23.650000000000194, 75.98617558233951
23.6750000000002, 80.5166840135224
23.700000000000195, 86.49340731471122
23.7250000000002, 69.93860569270147
23.750000000000195, 101.86113106583515
23.7750000000002, 106.24335120202724
23.8000000000002, 110.20875537288313
23.825000000000195, 104.99368412174687
23.8500000000002, 84.77835275361683
23.8750000000002, 125.70014406988437
23.9000000000002, 111.86289910578014
23.9250000000002, 102.34340574551179
23.950000000000202, 129.19583064512042
23.9750000000002, 125.45456177394551
24.0000000000002, 118.13573592675257
24.0250000000002, 139.2375758687625
24.0500000000002, 126.73952842616619
24.075000000000202, 119.60005482335563
24.1000000000002, 121.75275249167123
24.1250000000002, 100.10024888920572
24.1500000000002, 98.50494871430853
24.17500000000021, 105.7751439157113
24.200000000000202, 111.64402979897605
24.2250000000002, 75.73733075385458
24.25000000000021, 130.52069944066153
24.275000000000205, 108.20303186051282
24.30000000000021, 146.51798327463123
24.325000000000202, 127.14033406752009
24.350000000000204, 149.65494848457365
24.37500000000021, 149.66752602274778
24.400000000000205, 149.68012289434097
24.42500000000021, 149.69273907894592
24.450000000000205, 149.70537455615488
24.47500000000021, 149.71802930556032
24.50000000000021, 149.730703306755
24.525000000000205, 149.74339653933112
24.55000000000021, 70.34786159226314
24.57500000000021, 70.36059322638039
24.60000000000021, 70.37334403065643
24.62500000000021, 70.38611398468447
24.650000000000208, 70.3989030680566
24.67500000000021, 70.41171126036562
24.70000000000021, 70.42453854120379
24.72500000000021, 70.43738489016363
24.75000000000021, 70.45025028683779
24.775000000000208, 77.61410731010378
24.80000000000021, 92.1400318921728
24.82500000000021, 75.20796134813281
24.85000000000021, 85.00973434495415
24.87500000000021, 106.75075777391693
24.900000000000208, 113.18636473404021
24.92500000000021, 139.82393166844955
24.95000000000021, 111.01355239673083
24.97500000000021, 90.99758422384858
25.00000000000021, 111.94074722482678
25.025000000000208, 112.9489116378498
25.05000000000021, 110.08049819046425
25.075000000000216, 97.35260930392475
25.10000000000021, 115.74296948923751
25.12500000000021, 106.18801939277586
25.150000000000208, 102.57686568316439
25.17500000000021, 136.74007017423762
25.200000000000216, 112.43124326297793
25.22500000000021, 128.29753351783347
25.25000000000021, 108.83016221880821
25.27500000000022, 117.26863412097364
25.30000000000021, 150.1463141712403
25.325000000000216, 140.73984744605553
25.35000000000021, 150.172928452446
25.37500000000022, 150.18626340954324
25.40000000000022, 150.19961688375997
25.42500000000021, 150.2129888546889
25.45000000000022, 150.2263793019224
25.475000000000215, 150.23978820505317
25.50000000000022, 150.25321554367338
25.52500000000022, 150.26666129737578
25.55000000000022, 150.28012544575267
25.57500000000023, 70.88536057777856
25.600000000000215, 70.89886145428272
25.62500000000022, 70.91238066423875
25.65000000000023, 70.9259181872394
25.675000000000228, 70.93947400287766
25.70000000000023, 70.95304809074548
25.725000000000215, 70.96664043043563
25.750000000000227, 70.98025100154047
25.77500000000023, 70.99387978365263
25.800000000000228, 98.32745304997877
25.82500000000023, 71.02119189926884
25.85000000000023, 71.0348751919579
25.875000000000227, 79.90338369637945
25.90000000000023, 80.48911873987996
25.925000000000228, 98.7371222894176
25.95000000000023, 79.11844777554505
25.97500000000023, 105.95627108186554
26.000000000000227, 104.47149685781194
26.02500000000023, 109.81033380826288
26.050000000000228, 106.0616181634271
26.07500000000023, 92.26749258682058
26.10000000000023, 91.42941050412477
26.125000000000227, 107.51055419912467
26.15000000000023, 86.43518080653618
26.175000000000228, 121.08497406878737
26.20000000000023, 92.29208167961627
26.22500000000023, 111.82807647750005
26.250000000000227, 85.3875048636011
26.275000000000233, 113.56385288184518
26.300000000000228, 102.81446337554524
26.32500000000023, 123.40874935944123
26.35000000000023, 97.34967527763249
26.375000000000234, 147.24659073050532
26.400000000000233, 136.07565545628296
26.425000000000228, 150.76280071781468
26.450000000000234, 150.7769134830932
26.47500000000024, 150.79104388796952
26.500000000000234, 150.80519191203575
26.525000000000233, 150.81935753488483
26.550000000000235, 150.83354073610894
26.575000000000237, 150.84774149530085
26.60000000000024, 150.8619597920524
26.625000000000234, 150.87619560595795
26.65000000000024, 150.89044891660888
26.67500000000024, 150.90471970359613
26.700000000000237, 71.5107605558951
26.72500000000024, 71.5250662343351
26.750000000000238, 71.53938932789242
26.77500000000024, 71.55372981615619
26.80000000000024, 71.56808767872008
26.825000000000237, 71.58246289517683
26.85000000000024, 71.59685544511922
26.875000000000238, 71.6112653081392
26.90000000000024, 71.62569246382975
26.92500000000024, 71.64013689178313
26.950000000000237, 71.65459857159192
26.975000000000247, 99.30038784455417
27.000000000000238, 71.68357360514568
27.02500000000024, 73.11824730626086
27.05000000000024, 89.12245609522506
27.075000000000248, 71.7271650342044
27.100000000000247, 72.45083030904655
27.125000000000238, 78.77750307844073
27.150000000000247, 100.70883742019018
27.17500000000025, 114.60248898522451
27.200000000000248, 98.65364112354678
27.225000000000247, 125.91333600830916
27.25000000000025, 122.29154423266758
27.275000000000247, 100.54530311736852
27.30000000000025, 100.24952499068343
27.325000000000248, 151.2818275048964
27.350000000000247, 71.8883150483544
27.37500000000025, 121.68791283044192
27.400000000000247, 150.36734664401712
27.42500000000025, 136.99730356049054
27.450000000000248, 151.3556710204856
27.475000000000247, 151.37049027512785
27.50000000000025, 151.38532633266072
27.525000000000247, 151.40017917267687
27.55000000000025, 151.4150487747686
27.575000000000248, 108.30352704167535
27.600000000000247, 151.4448381835491
27.62500000000025, 151.45975794942296
27.650000000000247, 151.47469439574343
27.67500000000025, 72.08140011148134
27.700000000000248, 72.09636985747056
27.725000000000247, 72.11135622268284
27.75000000000025, 151.5346065773283
27.775000000000247, 72.14137872914625
27.80000000000025, 72.1564148295829
27.825000000000248, 72.17146746761318
27.850000000000247, 72.18653662282918
27.87500000000025, 72.20162227482354
27.900000000000247, 72.21672440318878
27.92500000000025, 72.23184298751738
27.950000000000248, 90.32154258674001
27.975000000000247, 81.03540927195644
28.00000000000025, 94.49994539075962
28.025000000000247, 113.61127985348887
28.05000000000025, 123.66068276335753
28.075000000000266, 99.5683109915891
28.100000000000247, 118.00648917399954
28.12500000000025, 99.47559059490942
28.150000000000247, 130.35391296673458
28.175000000000267, 117.93148258678414
28.200000000000266, 103.43344763293693
28.225000000000247, 142.03655545210552
28.250000000000266, 116.88094471451858
28.27500000000026, 129.07870778726914
28.300000000000267, 116.72019055011137
28.325000000000266, 112.87868343615789
28.35000000000026, 125.61395255061403
28.375000000000266, 133.97492347672724
28.40000000000026, 119.00173837449348
28.425000000000267, 122.72734393209943
28.450000000000266, 99.17872392497023
28.47500000000027, 139.3778592937872
28.500000000000266, 120.34247665164199
28.52500000000026, 114.08663023012784
28.55000000000027, 113.62115062383224
28.575000000000266, 127.95398502527445
28.60000000000027, 128.09044707700872
28.625000000000266, 129.0333893816004
28.650000000000272, 119.7833076536897
28.67500000000027, 121.33838213699211
28.700000000000266, 107.69445898419923
28.72500000000027, 132.84497159738615
28.750000000000266, 108.78079926363613
28.775000000000272, 104.49005761404345
28.80000000000027, 99.95781229193358
28.825000000000266, 124.16570351549296
28.85000000000027, 102.09146468641895
28.875000000000274, 107.70831247308674
28.900000000000272, 110.98417840593869
28.92500000000027, 120.88074230714217
28.950000000000273, 124.35221491621854
28.97500000000027, 121.34379956157314
29.000000000000274, 109.78973878299945
29.025000000000272, 107.61081868749599
29.05000000000027, 95.71115746441859
29.075000000000273, 119.97403882300016
29.10000000000027, 88.25645692386001
29.125000000000274, 109.38190244569307
29.150000000000272, 86.13071751441072
29.17500000000027, 96.22704491481593
29.200000000000273, 73.02423332992316
29.22500000000027, 73.04017950283009
29.250000000000274, 84.57162974334159
29.275000000000286, 73.07211795133634
29.30000000000027, 73.0881101861205
29.325000000000273, 93.10338236775573
29.35000000000027, 74.65820828671576
29.37500000000028, 73.1361786877078
29.400000000000286, 106.66563465337117
29.42500000000027, 152.57654803967193
29.45000000000028, 152.5926318472084
29.475000000000282, 152.60873084544414
29.50000000000028, 152.62484501397148
29.525000000000286, 152.64097433238294
29.55000000000028, 152.65711878027105
29.57500000000028, 73.26503094660984
29.600000000000282, 73.28120559222953
29.62500000000028, 152.70564269672286
29.650000000000286, 152.72184745844243
29.67500000000028, 73.32981985698098
29.70000000000028, 73.34605465317327
29.725000000000282, 73.36230443598834
29.75000000000028, 152.78681657563993
29.77500000000029, 141.47710913703668
29.80000000000028, 73.4111435001073
29.82500000000028, 73.4274530253449
29.850000000000282, 73.44377743516964
29.87500000000029, 88.26622630570125
29.90000000000029, 132.6187311881382
29.92500000000028, 73.49283976809033
29.95000000000029, 81.70366366724699
29.97500000000029, 80.21852454267383
30.00000000000029, 101.5913425040826
30.02500000000029, 73.55846335814641
30.050000000000285, 99.93427312119763
30.07500000000029, 136.60956578871003
30.10000000000029, 105.24717267170249
30.12500000000029, 128.67712687967492
30.15000000000029, 126.52720237083881
30.175000000000292, 126.27911368339946
30.20000000000029, 107.30733202686946
30.22500000000029, 121.90641228221808
30.25000000000029, 116.31055104666684
30.27500000000029, 143.70779446229295
30.300000000000292, 131.2505011037656
30.32500000000029, 126.06314425052936
30.35000000000029, 153.18160735799518
30.37500000000029, 129.89062436113915
30.40000000000029, 151.06133142527983
30.425000000000292, 144.81985788008558
30.45000000000029, 144.2164799907327
30.47500000000029, 129.29387576934002
30.50000000000029, 141.08845018571265
30.52500000000029, 116.63139777171656
30.550000000000292, 142.94956027719525
30.57500000000029, 125.06612318195775
30.60000000000029, 135.0011846109437
30.62500000000029, 116.7722225384337
30.65000000000029, 134.39448039777653
30.675000000000296, 132.88128683433382
30.70000000000029, 109.24432199121256
30.72500000000029, 137.4938401391292
30.75000000000029, 119.63885646275523
30.775000000000297, 153.46630534984553
30.800000000000296, 131.64616755247573
30.82500000000029, 134.5215932521387
30.850000000000296, 128.31898602848474
30.875000000000306, 131.04308869205337
30.900000000000297, 128.6980501827645
30.925000000000296, 122.28748296344935
30.95000000000029, 123.8145112559661
30.9750000000003, 109.2818112887474
31.000000000000306, 137.69164449685152
31.025000000000297, 118.04588442269053
31.0500000000003, 111.34603789944137
31.0750000000003, 127.59326095297557
31.1000000000003, 115.78836972624049
31.125000000000306, 96.93184660730805
31.1500000000003, 139.02384162415242
31.175000000000306, 92.06416905111303
31.2000000000003, 135.05229904936357
31.2250000000003, 101.98734403161251
31.250000000000306, 105.86803929413234
31.275000000000304, 117.69271729052797
31.300000000000306, 123.4592747234424
31.3250000000003, 126.16513139280357
31.350000000000303, 117.80717944964522
31.375000000000306, 120.38172134683516
31.400000000000304, 86.8843943310452
31.425000000000306, 107.31007875616896
31.450000000000305, 112.65278677997745
31.47500000000031, 104.90552708327044
31.500000000000306, 119.0601400565802
31.525000000000304, 118.10709634129762
31.550000000000306, 99.03524956271359
31.57500000000031, 113.83153137494045
31.60000000000031, 117.48057330357601
31.625000000000306, 98.96423496916206
31.65000000000031, 120.26101159849367
31.67500000000031, 106.3452845512949
31.70000000000031, 114.18636583675823
31.72500000000031, 100.74726968177251
31.75000000000031, 103.9831187576788
31.77500000000031, 95.83905604691194
31.80000000000031, 120.2474799265031
31.82500000000031, 113.12434103942262
31.85000000000031, 95.36412065386297
31.87500000000032, 109.83292686604423
31.90000000000031, 120.35884680252259
31.92500000000031, 119.7181401369673
31.95000000000031, 120.61455244543791
31.975000000000314, 101.64509953870541
32.00000000000031, 107.23287863936595
32.02500000000031, 127.46877711963336
32.05000000000031, 122.70565169458098
32.075000000000315, 154.36203086700323
32.100000000000314, 124.73164158385404
32.12500000000031, 146.18530665860737
32.15000000000032, 154.41481129105972
32.17500000000032, 105.7741259480963
32.200000000000315, 85.25849618568145
32.225000000000314, 75.05946120471253
32.25000000000031, 75.07711951761621
32.27500000000032, 154.50303812619813
32.30000000000032, 154.52072222881543
32.325000000000315, 154.53841919567822
32.35000000000032, 75.14788161576053
32.37500000000032, 75.16560424989211
32.40000000000032, 130.29403170150772
32.42500000000032, 154.60933529743534
32.450000000000315, 154.62709627941422
32.47500000000032, 101.06542189219795
32.50000000000032, 93.7591543112942
32.52500000000032, 79.65724474582004
32.550000000000324, 117.27280421161458
32.57500000000032, 98.81048611536875
32.60000000000032, 118.39528856302024
32.62500000000032, 110.63933674173629
32.65000000000032, 78.43805194534792
32.675000000000324, 114.98258134234666
32.70000000000032, 99.26073175541748
32.72500000000032, 114.68707797557644
32.75000000000033, 85.33273691590998
32.775000000000325, 107.99012275567142
32.800000000000324, 83.1593184321463
32.82500000000032, 102.96121433265861
32.85000000000032, 77.9002534931438
32.87500000000033, 75.52271842542939
32.900000000000325, 102.29788451189074
32.925000000000324, 109.86992597066518
32.95000000000033, 111.34105054578595
32.97500000000033, 155.0029888293966
33.00000000000033, 75.6127780262425
33.025000000000325, 75.630826906543
33.050000000000324, 75.6488880592724
33.07500000000033, 155.07520885464055
33.10000000000033, 155.0932944910046
33.12500000000033, 155.11139233857375
33.15000000000033, 75.7212549863234
33.17500000000033, 75.73937719508285
33.20000000000033, 75.75751155382568
33.22500000000033, 120.77682583159822
33.25000000000033, 155.2020640302503
33.27500000000033, 97.30600154646663
33.30000000000033, 138.19093692061801
33.32500000000033, 125.02942052423077
33.35000000000033, 110.31981728175276
33.37500000000033, 127.68453744115561
33.40000000000033, 125.58947028477007
33.42500000000033, 126.76727808029875
33.45000000000033, 112.03637691860828
33.47500000000033, 121.9780280221378
33.50000000000033, 97.00479318058044
33.52500000000033, 85.63110529024573
33.55000000000034, 131.84688683293163
33.57500000000034, 135.36046153631736
33.60000000000033, 126.69199731024784
33.62500000000033, 128.22776163303126
33.65000000000033, 115.25529839396073
33.67500000000034, 120.98706312992431
33.70000000000034, 124.57631139353347
33.72500000000033, 121.12741986972202
33.75000000000034, 131.70190141945903
33.77500000000034, 110.32073811615896
33.80000000000034, 107.96312479219966
33.82500000000034, 126.56115836391184
33.85000000000033, 149.98921243931918
33.87500000000034, 96.04499383990988
33.90000000000034, 112.41374536328456
33.92500000000034, 94.58799247895746
33.950000000000344, 126.65884922520983
33.97500000000033, 121.77377693305175
34.00000000000034, 130.9247508070212
34.02500000000034, 104.91197721974055
34.05000000000034, 103.4070776324188
34.075000000000344, 119.02417035735903
34.10000000000033, 92.28489307508858
34.12500000000034, 155.84508515235882
34.15000000000036, 155.8636660885295
34.175000000000345, 155.8822583787919
34.200000000000344, 76.4926146121195
34.22500000000033, 76.51122954934272
34.25000000000034, 86.17541468608908
34.27500000000036, 123.75150053436425
34.300000000000345, 137.25666269137264
34.325000000000344, 124.82438429836475
34.35000000000035, 104.9388470831467
34.375000000000355, 90.32484353757897
34.40000000000036, 91.90878988038469
34.425000000000345, 105.00058347529125
34.450000000000344, 95.974967290239
34.47500000000035, 102.85993695044651
34.500000000000355, 112.66354855757302
34.52500000000036, 108.96267117530778
34.55000000000035, 110.13158682583774
34.57500000000035, 120.43148402111983
34.60000000000035, 104.0515395840564
34.625000000000355, 99.13187736645088
34.65000000000036, 121.77808186859748
34.67500000000035, 110.07090381892439
34.70000000000035, 129.0729354031655
34.72500000000035, 124.83329113533851
34.750000000000355, 122.39094467949704
34.77500000000036, 118.77714325173898
34.80000000000035, 133.01717868311684
34.82500000000035, 117.13170310567719
34.85000000000035, 118.13771787026852
34.875000000000355, 115.04932498827284
34.90000000000036, 120.87830393942943
34.92500000000035, 123.63455863586081
34.95000000000036, 125.32646684530721
34.97500000000036, 120.9611556297396
35.000000000000355, 126.54472015609889
35.02500000000036, 142.082398793122
35.05000000000035, 111.57871419108429
35.07500000000036, 142.03758768871427
35.10000000000036, 117.46243265521146
35.125000000000355, 121.85623108255837
35.15000000000036, 113.22159677281458
35.17500000000036, 135.5608277307698
35.20000000000036, 110.87594981256382
35.22500000000036, 103.16875325112248
35.250000000000355, 135.4408233470813
35.27500000000036, 98.69356635544332
35.30000000000036, 111.92823139591755
35.32500000000036, 122.14592905558052
35.350000000000364, 112.34764722631574
35.375000000000355, 121.53426461899329
35.40000000000036, 121.70656231585657
35.42500000000036, 127.86523365777364
35.45000000000036, 144.0108927105427
35.475000000000364, 124.14408151172331
35.500000000000355, 123.26527626449884
35.52500000000036, 113.3748926162694
35.55000000000037, 135.47329013579557
35.575000000000365, 122.56077608277386
35.600000000000364, 120.6376085469254
35.625000000000355, 119.70399901941015
35.65000000000036, 108.7601144470936
35.67500000000037, 139.80607880949375
35.700000000000365, 130.84197424875683
35.725000000000364, 124.86784177444953
35.75000000000037, 110.88368155706763
35.77500000000037, 134.88945281669555
35.80000000000037, 110.88507330601563
35.825000000000365, 122.87041837964156
35.850000000000364, 121.84531963435376
35.87500000000037, 133.80956309702145
35.90000000000037, 136.7628869286077
35.92500000000037, 129.70497860340782
35.950000000000365, 110.63547151231012
35.975000000000364, 126.55394092706103
36.00000000000037, 115.45989924888679
36.02500000000037, 122.35279044892448
36.05000000000037, 135.23198358918705
36.075000000000365, 113.09676529055167
36.100000000000364, 118.94633098769086
36.12500000000037, 118.77977477890576
36.150000000000375, 107.59607764017082
36.17500000000037, 137.3940937257078
36.200000000000365, 131.1725344199845
36.225000000000364, 118.92994973551708
36.25000000000037, 116.66470656382339
36.275000000000375, 116.37496317893459
36.30000000000037, 124.05863925830667
36.325000000000365, 112.7133805173423
36.35000000000038, 127.33651684126903
36.375000000000384, 123.92501252891071
36.400000000000375, 102.4754069197871
36.42500000000037, 140.9837432360076
36.450000000000365, 120.44548290258312
36.47500000000038, 127.85540187193244
36.500000000000384, 130.2074645127275
36.525000000000375, 121.49466934989326
36.55000000000038, 119.70885925002281
36.57500000000038, 120.84048637743484
36.60000000000038, 126.87831917655711
36.625000000000384, 132.8090744435429
36.650000000000375, 128.61695176329656
36.67500000000038, 130.2830395120846
36.70000000000038, 124.78455021890056
36.72500000000038, 114.09382675596723
36.750000000000384, 128.17703713938766
36.77500000000038, 119.99244080472579
36.80000000000038, 121.48805687560171
36.82500000000038, 128.59848496382256
36.85000000000038, 102.24050416470914
36.875000000000384, 128.30687574934035
36.90000000000038, 118.65744271753118
36.92500000000038, 112.10603858700905
36.9500000000004, 114.40062773214427
36.97500000000039, 116.19188555524244
37.000000000000384, 104.98067991899903
37.02500000000038, 104.02465797350585
37.05000000000038, 116.16122378888272
37.0750000000004, 113.42727200336816
37.10000000000039, 104.90291702542459
37.125000000000384, 115.2066196809892
37.15000000000039, 94.209296674798
37.17500000000039, 90.3519539265335
37.2000000000004, 78.80130692566001
37.22500000000039, 129.15774362248635
37.250000000000384, 158.24921190436567
37.27500000000039, 158.26905394395726
37.30000000000039, 78.88065739608692
37.3250000000004, 78.90051702158257
37.35000000000039, 93.39158140271775
37.37500000000039, 158.34850992980773
37.40000000000039, 78.96014839048439
37.42500000000039, 150.88479985757863
37.4500000000004, 154.3419599964052
37.47500000000039, 119.05971155432968
37.50000000000039, 130.52955169531123
37.52500000000039, 110.19979890118722
37.5500000000004, 84.95968901289277
37.5750000000004, 109.60133389794463
37.60000000000039, 149.07237153290066
37.62500000000039, 111.04737043531887
37.65000000000039, 104.53276240259856
37.6750000000004, 97.1670254533083
37.7000000000004, 134.3746176465489
37.72500000000039, 110.44684346049367
37.7500000000004, 99.58620767173306
37.775000000000404, 102.93179461742682
37.8000000000004, 112.57381844259288
37.8250000000004, 103.56096641532352
37.85000000000039, 106.90152366817114
37.8750000000004, 117.55611316837155
37.900000000000404, 119.41252404056715
37.9250000000004, 116.21619027814015
37.9500000000004, 110.4055848591715
37.9750000000004, 106.8075948151558
38.0000000000004, 116.27359715343493
38.025000000000404, 122.62714423692987
38.0500000000004, 116.5356977259957
38.0750000000004, 131.82109632744684
38.1000000000004, 158.9286577024243
38.1250000000004, 143.66929964142724
38.150000000000404, 86.77330384951387
38.1750000000004, 81.02454678137423
38.2000000000004, 111.88291326018793
38.2250000000004, 117.23583402240979
38.2500000000004, 121.18388187112797
38.275000000000404, 124.67187788229066
38.3000000000004, 129.9851030236248
38.3250000000004, 127.42026667219534
38.350000000000406, 121.36473703325862
38.375000000000405, 126.8505420185204
38.400000000000404, 128.50243597953187
38.4250000000004, 97.61387784288976
38.4500000000004, 103.33918553329516
38.475000000000406, 96.76931665279756
38.500000000000405, 131.96243565459042
38.525000000000404, 128.9572717960577
38.5500000000004, 147.7800407846811
38.57500000000041, 131.44854579130737
38.600000000000406, 116.97475554001116
38.625000000000405, 125.36644874379613
38.650000000000404, 111.62825437981354
38.6750000000004, 108.76229010810167
38.70000000000041, 117.76852641060253
38.725000000000406, 138.64495665049424
38.750000000000405, 121.38762196066085
38.775000000000404, 127.99051834295328
38.8000000000004, 132.445397681086
38.82500000000041, 135.74146193246415
38.850000000000406, 115.86493866467858
38.875000000000405, 110.79851475749635
38.900000000000404, 120.52059194879033
38.9250000000004, 112.00431116960092
38.950000000000415, 115.21626993170456
38.975000000000406, 128.11482502618742
39.000000000000405, 136.64782637394282
39.025000000000404, 116.74955909501153
39.0500000000004, 139.33656701029372
39.075000000000415, 117.30187099582751
39.100000000000406, 107.50684469951543
39.125000000000405, 112.76960560975802
39.15000000000042, 124.8480953965333
39.175000000000416, 124.41473773271267
39.200000000000415, 141.01663981374833
39.225000000000406, 121.0072805981898
39.250000000000405, 109.41252851970808
39.27500000000042, 117.63496011550458
39.300000000000416, 104.78688581872899
39.325000000000415, 112.32227510745119
39.35000000000042, 102.73562639941076
39.37500000000042, 112.75122938958953
39.40000000000042, 90.47899287344876
39.425000000000416, 157.03980535099538
39.450000000000415, 118.68591882144256
39.47500000000042, 160.04730902980168
39.50000000000042, 160.06785463452843
39.52500000000042, 80.68015983552687
39.550000000000416, 80.70071939362515
39.57500000000042, 80.72128589779754
39.60000000000042, 160.15010671825576
39.62500000000042, 80.76243966273591
39.65000000000042, 153.35523775294246
39.675000000000416, 148.59036459354127
39.70000000000042, 157.44647881837153
39.72500000000042, 121.91610191801357
39.75000000000042, 105.06769761004179
39.77500000000042, 125.33111166018094
39.800000000000416, 114.27821101428512
39.82500000000042, 91.72412870003714
39.85000000000042, 113.06885371852431
39.87500000000042, 96.67662587839764
39.90000000000042, 112.36175670124567
39.925000000000416, 138.60033963435882
39.95000000000043, 115.62745737678266
39.97500000000043, 110.47426970691065
40.00000000000042, 121.95950648268521
40.02500000000042, 127.61889633721341
40.050000000000416, 128.49321102318038
40.07500000000043, 98.5649834794963
40.10000000000043, 97.53693809815647
40.12500000000042, 137.07553236177205
40.15000000000043, 116.17040478783775
40.17500000000043, 122.12606316725999
40.20000000000043, 160.64589367499332
40.22500000000043, 160.66663361407075
40.25000000000042, 86.45275479593136
40.27500000000043, 81.29988526641603
40.30000000000043, 81.32064432948772
40.32500000000043, 149.94635105350505
40.35000000000044, 108.80294520635448
40.37500000000042, 118.88940413962945
40.40000000000043, 153.75025563264782
40.42500000000043, 120.02978078893787
40.45000000000043, 82.03207959255587
40.47500000000044, 138.37881195394255
40.50000000000042, 141.39244758797466
40.52500000000043, 113.86491926131455
40.55000000000044, 131.31873635008063
40.575000000000436, 126.15154315209958
40.60000000000044, 110.66046172308656
40.62500000000042, 138.0596216748271
40.65000000000043, 130.49488557480603
40.67500000000044, 127.05477058140679
40.700000000000436, 113.7769402121618
40.72500000000044, 156.64991110462051
40.75000000000044, 113.60934943864143
40.77500000000044, 110.52755130800918
40.80000000000044, 117.19321558186597
40.825000000000436, 131.27525357135318
40.85000000000044, 119.25268576492796
40.87500000000044, 106.24304486523785
40.90000000000044, 116.48787998970232
40.92500000000044, 108.88944199906581
40.950000000000436, 105.96200641754737
40.97500000000044, 105.74081218050668
41.00000000000044, 139.54834464084922
41.02500000000044, 161.3335769194133
41.05000000000044, 161.35451712071972
41.075000000000436, 136.86427166279066
41.10000000000044, 81.98816727718145
41.12500000000044, 82.00912458214054
41.15000000000045, 137.56720250479543
41.17500000000045, 143.41982287144037
41.200000000000436, 101.26227631876827
41.22500000000044, 129.57989562101233
41.25000000000044, 112.43947120962397
41.27500000000045, 157.4201096718383
41.30000000000045, 107.29931775388846
41.325000000000436, 155.9655973283414
41.350000000000456, 112.5967683071726
41.375000000000455, 135.74506438203898
41.40000000000045, 105.05106443958351
41.42500000000045, 141.30969305619124
41.450000000000436, 108.09801009222835
41.475000000000456, 123.58197067042977
41.500000000000455, 94.55463955471106
41.52500000000045, 151.70775545008303
41.55000000000045, 82.3662481555416
41.57500000000045, 123.08176725978433
41.600000000000456, 161.81661297895062
41.625000000000455, 161.83767961453987
41.65000000000045, 161.85875150238235
41.67500000000045, 98.1050987860167
41.70000000000045, 82.49266356257749
41.725000000000456, 82.51375108473394
41.750000000000455, 127.85359772891798
41.77500000000045, 103.19580318712406
41.80000000000045, 125.4688757173335
41.82500000000045, 162.00640006613162
41.850000000000456, 150.48418147663995
41.875000000000455, 137.94004537350838
41.90000000000045, 127.54129218553328
41.92500000000045, 99.31943835064249
41.950000000000465, 130.9775876611913
41.975000000000456, 130.61200654700352
42.000000000000455, 101.86568660654854
42.02500000000045, 123.25551535265302
42.05000000000045, 103.15417196278105
42.075000000000465, 116.1609532953432
42.100000000000456, 97.16109267637162
42.125000000000455, 131.07829037066352
42.15000000000046, 120.27082112177538
42.17500000000046, 93.73672878870343
42.200000000000465, 137.81325399383343
42.225000000000456, 124.39796207812742
42.250000000000455, 155.39100071377698
42.27500000000046, 162.38719598873524
42.30000000000046, 149.12802385438715
42.325000000000465, 98.6338638288812
42.35000000000046, 83.04256653163065
42.37500000000046, 97.85786079836305
42.40000000000046, 129.4633599243267
42.42500000000046, 119.98609272693415
42.450000000000465, 122.79648617122263
42.47500000000046, 134.8993444341175
42.50000000000046, 102.03908594513649
42.52500000000046, 125.73065042774596
42.550000000000466, 119.7427993814378
42.575000000000465, 154.0611086639032
42.60000000000046, 136.51367083505102
42.62500000000046, 118.96652636546429
42.65000000000046, 113.95552760070368
42.675000000000466, 101.8379508559868
42.700000000000465, 143.85867366968066
42.72500000000046, 99.18614407721378
42.75000000000047, 130.9349917535817
42.77500000000047, 109.18101630364256
42.800000000000466, 130.97119867678066
42.825000000000465, 110.33043309210063
42.85000000000046, 126.26616281137049
42.87500000000047, 115.77168944785812
42.90000000000047, 149.82860028302332
42.925000000000466, 143.40853376655298
42.950000000000465, 146.47436712583698
42.97500000000047, 118.98083499522586
43.00000000000047, 104.87454803530312
43.02500000000047, 108.09335617136375
43.050000000000466, 125.56497933228741
43.075000000000465, 142.20480041594223
43.10000000000047, 142.91267312145533
43.12500000000047, 127.56853315107733
43.150000000000475, 127.02650446204211
43.175000000000466, 133.10704725980253
43.200000000000465, 120.58647742330453
43.22500000000047, 120.18286004982241
43.25000000000047, 92.53678075036578
43.275000000000475, 84.18472365376724
43.300000000000466, 123.5215581875321
43.325000000000465, 153.74664950345374
43.35000000000048, 127.78480880553946
43.375000000000476, 154.16767466210842
43.400000000000475, 91.85120189637496
43.425000000000466, 101.92637179990942
43.450000000000465, 111.13937962314634
43.47500000000048, 135.0149166612996
43.500000000000476, 129.921862576654
43.525000000000475, 163.45261920363941
43.55000000000048, 142.00217621362208
43.57500000000048, 160.8017286646275
43.60000000000048, 134.81964487545247
43.625000000000476, 84.13003920367055
43.650000000000475, 117.41015490110112
43.67500000000048, 156.4501944549902
43.70000000000048, 84.19432782444892
43.72500000000048, 163.624011899401
43.750000000000476, 84.23720473113826
43.775000000000475, 84.25864847111279
43.80000000000048, 163.6883430989128
43.82500000000048, 84.30154642227808
43.85000000000048, 124.67744162637155
43.875000000000476, 163.75270558963848
43.900000000000475, 84.3659192209634
43.92500000000048, 163.79563102869702
43.95000000000049, 155.0147855699065
43.9750000000005, 125.35273461361214
44.000000000000476, 85.26503680479345
44.025000000000475, 84.47327485010362
44.05000000000048, 109.9947407473204
44.07500000000049, 84.51624029655108
44.1000000000005, 105.40079941036254
44.125000000000476, 114.53303460585454
44.150000000000496, 123.75711851527228
44.175000000000495, 108.85916754254237
44.20000000000049, 122.96969837839185
44.2250000000005, 138.57508000172942
44.250000000000476, 85.40379974864277
44.275000000000496, 110.13944810468251
44.300000000000495, 145.82930945489306
44.32500000000049, 88.65341083644785
44.3500000000005, 111.81985905362376
44.3750000000005, 156.35078957978988
44.400000000000496, 112.62401848451873
44.425000000000495, 84.81735353887393
44.45000000000049, 93.7825959512611
44.4750000000005, 164.26866587887525
44.5000000000005, 164.29020275246967
44.525000000000496, 84.90349514083755
44.550000000000495, 164.33328519542647
44.57500000000049, 84.9465833333561
44.6000000000005, 164.37637909669138
44.6250000000005, 84.98968290255198
44.650000000000496, 85.01123690238546
44.675000000000495, 164.4410410757837
44.70000000000049, 164.46260062110332
44.7250000000005, 85.07591551793666
44.7500000000005, 93.67841256329757
44.775000000000496, 150.8747218613246
44.800000000000495, 90.38384440482923
44.82500000000049, 85.16219168091322
44.8500000000005, 85.1837673729126
44.8750000000005, 85.94364760337436
44.900000000000496, 97.45205876846006
44.925000000000495, 85.24851008540264
44.95000000000049, 117.84329834710849
44.9750000000005, 107.75209419426898
45.0000000000005, 126.20111648067842
45.025000000000496, 125.73043878136795
45.050000000000495, 127.42798510177701
45.07500000000049, 144.08255638812952
45.1000000000005, 144.27817346233854
45.1250000000005, 153.45453690583696
45.150000000000496, 164.8511215665706
45.175000000000495, 164.87272972271757
45.20000000000049, 141.85451561052832
45.2250000000005, 164.91595307777294
45.2500000000005, 154.43999346852075
45.275000000000496, 138.3924117283022
45.300000000000495, 147.54529038872528
45.32500000000049, 134.94097399567528
45.3500000000005, 155.60145956220754
45.3750000000005, 165.0456780156935
45.400000000000496, 162.70425307582514
45.425000000000495, 149.08622306777497
45.45000000000049, 163.60641405842955
45.4750000000005, 148.16399953378163
45.5000000000005, 137.6168369282866
45.525000000000496, 102.76852916318052
45.55000000000051, 165.19712316349393
45.57500000000051, 116.98766487884288
45.6000000000005, 136.16704810889624
45.6250000000005, 120.15949409266912
45.650000000000496, 139.92034378582474
45.67500000000051, 109.91768720508986
45.70000000000051, 115.84674884999669
45.7250000000005, 91.1215635532526
45.7500000000005, 85.96207843028486
45.775000000000496, 85.98373745931849
45.80000000000051, 86.00539835296206
45.82500000000051, 86.02706109080816
45.8500000000005, 165.45697304306805
45.8750000000005, 165.47863940809657
45.900000000000496, 165.50030755610533
45.92500000000051, 113.37133340877017
45.95000000000051, 86.1354017288154
45.9750000000005, 86.15707510331913
46.0000000000005, 165.58699756979217
46.025000000000496, 165.60867432658893
46.05000000000051, 86.22210535330237
46.07500000000051, 86.24378541076226
46.1000000000005, 139.16315898647792
46.1250000000005, 123.73506449445364
46.15000000000053, 106.40064095692543
46.17500000000052, 98.15685631923787
46.20000000000051, 141.2761681525227
46.2250000000005, 137.2794701065848
46.2500000000005, 119.06269675939703
46.27500000000053, 123.90649290374725
46.30000000000052, 111.23358976653648
46.32500000000051, 145.9759828840846
46.350000000000534, 115.76860165160788
46.37500000000053, 124.05805625102779
46.40000000000053, 148.1669504957428
46.42500000000052, 143.33359801894306
46.45000000000051, 142.73745774263364
46.475000000000534, 134.51593503163355
46.50000000000053, 142.77577814197076
46.52500000000053, 145.60098871888422
46.55000000000052, 149.05842449485047
46.57500000000052, 140.20183872314385
46.600000000000534, 132.07483892532164
46.62500000000053, 125.71308483178858
46.65000000000053, 125.14594182114168
46.67500000000052, 124.39773875628919
46.70000000000052, 158.4887343597358
46.725000000000534, 140.4358660074771
46.75000000000053, 157.25333400877497
46.77500000000053, 129.95305989534097
46.80000000000052, 114.54504691954598
46.82500000000052, 125.03766351347033
46.850000000000534, 132.4378649905542
46.87500000000053, 124.75136466644568
46.90000000000053, 132.98276240659857
46.92500000000052, 129.13563606485982
46.95000000000054, 143.21259912332917
46.975000000000534, 150.2153258846851
47.00000000000053, 131.14454362604528
47.02500000000053, 133.99998901312128
47.05000000000052, 126.78032357657627
47.07500000000054, 137.4829998836193
47.100000000000534, 134.10406579571674
47.12500000000053, 137.63788829543006
47.15000000000053, 142.07676988682636
47.175000000000544, 100.410418105011
47.20000000000054, 135.6252099319701
47.225000000000534, 124.70316415836722
47.25000000000053, 104.62048958062007
47.27500000000053, 105.3455039103146
47.300000000000544, 142.83559451399765
47.32500000000054, 117.032665024057
47.350000000000534, 142.85604756693735
47.37500000000053, 113.1908207474229
47.40000000000053, 138.86709941875927
47.425000000000544, 110.62063152614004
47.45000000000054, 121.01305668783779
47.475000000000534, 131.25598626022494
47.50000000000053, 118.77919443362008
47.52500000000053, 108.18877865973336
47.550000000000544, 141.37905003772954
47.57500000000054, 142.0765426550111
47.600000000000534, 121.53159241774182
47.62500000000053, 125.99726732668114
47.65000000000053, 154.3369854015491
47.675000000000544, 100.1391532529401
47.70000000000054, 136.8850784961648
47.725000000000534, 107.81416635711747
47.75000000000055, 145.81317626930462
47.775000000000546, 123.08772202757137
47.800000000000544, 132.26193715776242
47.82500000000054, 114.01054411751534
47.850000000000534, 135.09208361522982
47.87500000000055, 128.7904287431215
47.900000000000546, 135.65526564208227
47.925000000000544, 129.00889580059575
47.95000000000054, 113.11038833675264
47.97500000000054, 134.34346136503456
48.00000000000055, 103.79620685766432
48.025000000000546, 138.95012320392703
48.050000000000544, 98.95825038052496
48.07500000000054, 155.77812774699802
48.10000000000054, 133.20418806065766
48.12500000000055, 119.80831432032204
48.150000000000546, 105.71728522794093
48.175000000000544, 99.00098748565206
48.20000000000054, 136.33338992969468
48.22500000000054, 138.969337029816
48.25000000000055, 123.39319166183901
48.275000000000546, 134.09306073403053
48.300000000000544, 167.58564742300666
48.32500000000054, 167.6073915232961
48.35000000000054, 126.72787538222201
48.37500000000055, 88.2426316619875
48.400000000000546, 88.2643750501934
48.425000000000544, 90.16698224605102
48.45000000000054, 133.86960926817665
48.47500000000054, 128.1090597371906
48.50000000000055, 113.62621810951964
48.525000000000546, 161.2213611834784
48.550000000000544, 112.29046786340194
48.57500000000054, 149.70250179765534
48.60000000000054, 130.9928801025854
48.62500000000055, 135.4041880517773
48.650000000000546, 127.58763290576898
48.675000000000544, 129.02145014422618
48.70000000000054, 134.05191960301062
48.72500000000054, 117.46894792582934
48.75000000000056, 131.75997343389258
48.775000000000546, 137.2388749522573
48.800000000000544, 122.11528617619462
48.82500000000054, 148.53367552812736
48.85000000000054, 120.59632946286169
48.87500000000056, 129.37738526446878
48.900000000000546, 117.9316878832512
48.925000000000544, 108.30054642074666
48.950000000000564, 149.51557416487404
48.97500000000056, 110.60131017413835
49.00000000000056, 115.57704640153119
49.025000000000546, 118.45812493646108
49.050000000000544, 129.25687453502195
49.075000000000564, 116.98329701756316
49.10000000000056, 126.6455772772115
49.12500000000056, 133.2504669843556
49.15000000000056, 123.80357657611583
49.17500000000057, 135.30959978620265
49.200000000000564, 124.77248796448845
49.22500000000056, 116.19558661242587
49.25000000000056, 131.58174319260007
49.27500000000056, 142.9333928878097
49.30000000000057, 130.25262727808052
49.325000000000564, 144.541249666859
49.35000000000056, 124.80081988097652
49.37500000000056, 127.03269069735725
49.40000000000056, 127.23803754666409
49.42500000000057, 141.41788276370067
49.450000000000564, 121.57311536342601
49.47500000000056, 118.70450709627715
49.50000000000056, 108.81272535995564
49.52500000000056, 125.89834340437741
49.55000000000057, 134.96184815274404
49.575000000000564, 118.00364586769118
49.60000000000056, 124.02406581180009
49.62500000000056, 146.02336198227036
49.65000000000056, 141.0017129368389
49.67500000000057, 106.95921966930237
49.700000000000564, 133.89590143576459
49.72500000000056, 120.81168937464551
49.75000000000058, 131.706417702217
49.77500000000058, 125.5798121983936
49.80000000000057, 124.43147562176692
49.825000000000564, 112.26086960481905
49.85000000000056, 127.06729247540704
49.87500000000058, 128.84985232312172
49.90000000000058, 127.60743447142063
49.92500000000057, 163.3386623183993
49.95000000000057, 136.04185025725414
49.97500000000057, 139.71494706375088
50.00000000000058, 118.35546771780338
50.02500000000058, 144.96041107607917
50.05000000000057, 134.52616008633004
50.07500000000057, 146.04836026812035
50.10000000000057, 141.5217708895941
50.12500000000058, 131.9400815199941
50.15000000000058, 112.29568425321744
50.17500000000057, 146.5793886195712
50.20000000000057, 127.7800616525807
50.22500000000057, 126.88416919498997
50.25000000000058, 102.87518547117469
50.27500000000058, 124.73282494102449
50.30000000000057, 121.43203155946603
50.32500000000057, 114.94163250375323
50.350000000000584, 146.22245499340525
50.37500000000058, 119.21665897925342
50.40000000000058, 107.57750985517178
50.42500000000057, 111.91785825020989
50.45000000000057, 144.29160171201937
50.475000000000584, 125.72896847892635
50.50000000000058, 116.03204026157351
50.52500000000058, 118.89539109514034
50.55000000000058, 126.52245709755763
50.57500000000058, 147.92917827883684
50.600000000000584, 140.38496316576578
50.62500000000058, 131.44409297437744
50.65000000000058, 127.30129223888181
50.67500000000058, 112.82646240371011
50.70000000000058, 112.54455596521672
50.725000000000584, 90.28255874424093
50.75000000000058, 91.82659772944953
50.77500000000058, 169.73406001542503
50.80000000000058, 169.75568364058017
50.82500000000058, 169.77730502844042
50.850000000000584, 90.39067676798004
50.87500000000058, 90.4122936200281
50.90000000000058, 90.43390817355885
50.92500000000058, 169.86376779878333
50.95000000000058, 169.88537769405707
50.975000000000584, 125.51025859459901
51.00000000000058, 90.52034299435843
51.02500000000058, 90.54194574918995
51.05000000000058, 100.94107305186395
51.07500000000058, 134.6453448897349
51.100000000000584, 141.11800278359175
51.12500000000058, 115.25371346646972
51.15000000000059, 140.6132142805065
51.175000000000594, 155.48627071101936
51.20000000000058, 138.19882433686496
51.225000000000584, 136.10874048903264
51.25000000000058, 127.05341602358153
51.27500000000059, 133.5732799979071
51.300000000000594, 126.03058425161885
51.32500000000058, 157.67599304636047
51.35000000000059, 145.68766939386603
51.37500000000059, 126.19514964524356
51.40000000000059, 136.29443846658236
51.425000000000594, 138.05784320891098
51.45000000000058, 133.5405502391528
51.47500000000059, 137.7851232681105
51.50000000000059, 138.8246408405479
51.52500000000059, 132.68492092697088
51.550000000000594, 153.38611921881594
51.57500000000059, 124.94388837231415
51.60000000000059, 139.3702226873319
51.62500000000059, 127.67407208582861
51.65000000000059, 134.86178230020727
51.675000000000594, 135.93739979759783
51.70000000000059, 139.9028669969507
51.72500000000059, 150.7581237629708
51.75000000000061, 123.50112363310342
51.7750000000006, 152.1277667824808
51.800000000000594, 140.6317455859383
51.82500000000059, 128.00429208721317
51.85000000000059, 127.23380896799786
51.87500000000061, 145.3053557726829
51.9000000000006, 145.19994888135454
51.925000000000594, 151.89361511814846
51.9500000000006, 126.35611200705762
51.9750000000006, 137.54918793421513
52.00000000000061, 139.42419540863912
52.0250000000006, 126.91877795472013
52.050000000000594, 134.95220517075285
52.0750000000006, 136.41869521981747
52.1000000000006, 120.17767559024949
52.12500000000061, 114.03927383383234
52.1500000000006, 147.74216794359984
52.1750000000006, 143.9186974080352
52.2000000000006, 118.03687563510867
52.2250000000006, 117.29242986186276
52.25000000000061, 122.36755111030098
52.2750000000006, 131.81925353885623
52.3000000000006, 92.63384404964287
52.3250000000006, 138.66228621768607
52.35000000000061, 135.18505665779054
52.37500000000061, 147.36437145048035
52.4000000000006, 131.408806279357
52.4250000000006, 152.1312292570392
52.4500000000006, 105.20418962980625
52.47500000000061, 149.40448051175372
52.50000000000061, 107.86917452876514
52.5250000000006, 120.55195974778724
52.55000000000061, 171.26261133367734
52.57500000000061, 91.87577800766974
52.60000000000061, 150.2111710409439
52.62500000000061, 147.0760933986561
52.6500000000006, 106.99061676387686
52.67500000000061, 137.73282566710827
52.70000000000061, 151.31480533251334
52.72500000000061, 122.42193346093055
52.75000000000061, 131.36495579207082
52.77500000000061, 121.2135421111316
52.80000000000061, 118.25713789109605
52.82500000000061, 121.0172823164513
52.85000000000061, 134.16111507657104
52.87500000000061, 139.43814581600196
52.90000000000061, 119.28460893734196
52.92500000000061, 121.98245916055684
52.95000000000061, 130.69305646452756
52.97500000000061, 146.2297905852656
53.00000000000061, 135.8330483912203
53.02500000000061, 121.26520526160097
53.05000000000061, 142.5059415276118
53.07500000000061, 120.1603872522424
53.10000000000061, 146.27746674545676
53.12500000000061, 117.9169014609983
53.15000000000062, 140.773390991716
53.17500000000062, 139.7884949116863
53.20000000000061, 132.23006587019745
53.22500000000061, 109.82595604400876
53.25000000000061, 144.35943247878214
53.27500000000062, 157.0291637820086
53.30000000000062, 106.07732156077776
53.32500000000061, 137.25270661291097
53.35000000000062, 127.995898944864
53.37500000000062, 138.17262331838486
53.40000000000062, 137.42213901862613
53.42500000000062, 112.33858953327888
53.45000000000061, 138.0862630275816
53.47500000000062, 156.81262936999525
53.50000000000062, 109.09978462997708
53.52500000000062, 138.9829638351937
53.55000000000062, 115.04456877011387
53.57500000000062, 138.984700010987
53.60000000000062, 172.15859392838013
53.62500000000062, 93.17993821412256
53.65000000000062, 160.49378546574417
53.67500000000062, 92.81405790408644
53.70000000000062, 135.1829344466155
53.72500000000062, 172.26475665215457
53.75000000000063, 96.08402467798442
53.77500000000062, 134.85485002428914
53.80000000000062, 146.79421127752562
53.82500000000062, 126.32638007045898
53.85000000000062, 128.82378797773572
53.87500000000063, 142.61917880024384
53.90000000000062, 123.46820209202167
53.92500000000062, 145.32403755972769
53.95000000000063, 110.81908411767438
53.97500000000063, 159.46237974798004
54.00000000000063, 133.62673764521452
54.02500000000062, 130.7743071002694
54.05000000000062, 139.88810442841572
54.07500000000063, 140.1808173789167
54.10000000000063, 116.40375127987977
54.12500000000063, 106.45289857755748
54.15000000000063, 119.18532078385819
54.17500000000063, 116.58306541561637
54.20000000000063, 116.24850767276304
54.22500000000063, 132.5876620255962
54.25000000000063, 127.88764500807797
54.27500000000063, 156.35758799941863
54.30000000000063, 155.15329587013645
54.32500000000063, 143.3930213732142
54.35000000000064, 131.167922844966
54.37500000000063, 140.54919426725252
54.40000000000063, 126.59304368412691
54.42500000000063, 149.34424163141773
54.45000000000063, 138.83869627795153
54.47500000000064, 125.10535218119566
54.50000000000063, 118.16761031090192
54.52500000000063, 136.04440369102508
54.55000000000064, 131.7510216085178
54.57500000000064, 136.29974754908517
54.60000000000064, 157.70035678136472
54.62500000000063, 125.96050560459898
54.65000000000063, 156.0860335529885
54.67500000000064, 126.08119079248327
54.70000000000064, 141.94879441353737
54.72500000000064, 144.69030843974863
54.75000000000064, 154.30583249941586
54.77500000000064, 121.79397289007366
54.80000000000064, 119.15155720242943
54.82500000000064, 120.37314010960817
54.85000000000064, 143.4502316212089
54.87500000000064, 124.3698827042434
54.90000000000064, 147.09877381561853
54.92500000000064, 122.3168858154391
54.95000000000064, 144.9671351279234
54.97500000000064, 130.20529488834705
55.00000000000064, 138.78753247241866
55.02500000000064, 125.29093291919786
55.05000000000064, 135.06257940613014
55.07500000000064, 128.96910683708137
55.10000000000064, 129.9361144358324
55.12500000000064, 114.23351191194672
55.150000000000645, 144.46199832673045
55.17500000000064, 133.6116032482191
55.20000000000064, 117.7870314579405
55.22500000000064, 149.2824785049006
55.25000000000064, 117.15587276174708
55.275000000000645, 136.93953781487343
55.30000000000064, 139.8235800827805
55.32500000000064, 170.1082985380623
55.35000000000065, 173.6334217117335
55.37500000000065, 173.6542960660363
55.400000000000645, 94.2669170578555
55.42500000000064, 94.28777944802061
55.45000000000064, 94.30863582550592
55.47500000000065, 163.6327641500236
55.50000000000065, 132.76343793585795
55.525000000000645, 160.05324948007103
55.55000000000065, 107.36985555003457
55.57500000000065, 138.20135071230487
55.60000000000065, 129.52991212946955
55.62500000000065, 145.0543104928048
55.650000000000645, 139.90321709996965
55.67500000000065, 129.5887324138306
55.70000000000065, 143.2701241614327
55.72500000000065, 122.94729345196185
55.75000000000066, 138.99357369600756
55.775000000000645, 125.40103344257648
55.80000000000065, 128.99380996173926
55.82500000000065, 170.07548796653077
55.85000000000065, 133.43762964049608
55.87500000000066, 113.83950136681881
55.900000000000645, 125.69384480721709
55.92500000000065, 122.45853125058146
55.95000000000066, 142.6578540153457
55.975000000000655, 152.92920884994928
56.00000000000066, 143.5239921965719
56.025000000000645, 129.8725490777075
56.05000000000065, 122.71700633547627
56.07500000000066, 125.46085585725744
56.100000000000655, 153.32756801372955
56.12500000000066, 149.43633963437225
56.15000000000066, 118.83928174583774
56.17500000000066, 140.539306418644
56.20000000000066, 138.49716705335408
56.225000000000655, 117.63113298207554
56.25000000000066, 130.81001194754515
56.27500000000066, 131.8376610243263
56.30000000000066, 114.42208047294528
56.32500000000066, 136.10781715987582
56.350000000000655, 132.10782996987797
56.37500000000066, 145.8599001358017
56.40000000000066, 132.95142092838307
56.42500000000066, 95.11712711318347
56.45000000000066, 146.13255101469753
56.475000000000655, 174.56656592670316
56.50000000000066, 130.9848764377349
56.52500000000066, 156.88970794796387
56.55000000000066, 110.32624828218911
56.57500000000066, 121.85472082080344
56.600000000000655, 132.55895925684717
56.62500000000066, 95.28172727668016
56.65000000000066, 174.71051843693726
56.67500000000066, 111.40613413995607
56.70000000000066, 130.21564719822481
56.725000000000655, 131.22766791362437
56.75000000000067, 129.81790755901125
56.77500000000067, 145.2397142793866
56.80000000000066, 174.8336330749196
56.82500000000066, 140.33862184677196
56.850000000000655, 141.4161467370509
56.87500000000067, 119.8852303344122
56.90000000000067, 95.50731967988577
56.92500000000066, 174.9360325786149
56.95000000000067, 103.40348236647014
56.97500000000067, 105.12353303289979
57.00000000000067, 157.4939419905961
57.02500000000067, 175.01782203568905
57.05000000000066, 172.6021169986068
57.07500000000067, 150.51093548995186
57.10000000000067, 95.67083996233032
57.12500000000067, 95.69124700199677
57.15000000000067, 116.01757636285538
57.17500000000066, 175.14028625037372
57.20000000000067, 147.40253806135718
57.22500000000067, 108.01103376246454
57.25000000000067, 132.5043800378494
57.27500000000067, 166.77310331682918
57.30000000000066, 117.92792771037603
57.32500000000067, 143.01994630260697
57.350000000000676, 113.5483715147326
57.375000000000675, 134.92890250608122
57.40000000000067, 136.69354426659362
57.42500000000066, 128.918812378341
57.45000000000067, 129.23303388828293
57.475000000000676, 126.96086842904037
57.500000000000675, 126.8717858991955
57.52500000000067, 129.4401467022097
57.55000000000068, 138.97287699802297
57.57500000000068, 133.67895518073698
57.600000000000676, 148.70762648130508
57.625000000000675, 125.16970678768303
57.65000000000067, 141.14991932538234
57.67500000000068, 155.71444588743634
57.70000000000068, 121.91582008710378
57.725000000000676, 150.796249327655
57.750000000000675, 120.38994529002511
57.77500000000067, 160.72479389936615
57.80000000000068, 118.82356683107653
57.82500000000068, 135.704804292809
57.850000000000676, 163.38345487491367
57.875000000000675, 143.87132974192048
57.90000000000067, 148.17740886321542
57.92500000000068, 164.30802273681664
57.950000000000685, 139.266921887688
57.975000000000676, 139.05523672518513
58.000000000000675, 133.6713208064263
58.02500000000067, 138.1104598649307
58.05000000000068, 149.3644155663922
58.075000000000685, 137.4207547138854
58.100000000000676, 142.26188837718985
58.125000000000675, 137.86370624662976
58.15000000000069, 119.19363153951902
58.175000000000686, 134.20782718236566
58.200000000000685, 148.84711711090546
58.225000000000676, 117.03075105145705
58.250000000000675, 146.64529790195445
58.27500000000069, 120.51776714894021
58.300000000000686, 123.33521849958615
58.325000000000685, 137.42639372345872
58.350000000000676, 135.3535453479371
58.37500000000069, 132.6408034503894
58.40000000000069, 142.6804153932977
58.425000000000686, 160.69788596607845
58.450000000000685, 134.04435913542397
58.475000000000676, 151.67850028864686
58.50000000000069, 118.89261098091174
58.52500000000069, 107.2027006162499
58.550000000000686, 148.30130553224112
58.575000000000685, 120.20041672027807
58.600000000000676, 153.91893290241495
58.62500000000069, 138.59973486556208
58.65000000000069, 127.94102926346818
58.675000000000686, 132.07407718433979
58.700000000000685, 149.0069695954836
58.725000000000676, 145.851784599928
58.7500000000007, 97.000896898939
58.775000000000716, 172.46893089216474
58.800000000000686, 162.4564873538746
58.825000000000685, 124.95147839121495
58.850000000000676, 98.6933696736939
58.8750000000007, 170.58787785402245
58.900000000000716, 142.47672977367398
58.925000000000686, 127.0662013130871
58.95000000000071, 133.96128065814688
58.97500000000071, 149.1348128789748
59.0000000000007, 115.40767987102308
59.025000000000716, 127.60724712842128
59.050000000000686, 141.83090909474038
59.07500000000071, 144.84534262366725
59.10000000000071, 127.84107237857374
59.1250000000007, 141.2479665030623
59.150000000000716, 128.55675376094675
59.175000000000715, 147.52579559456464
59.20000000000071, 137.96662679584293
59.22500000000071, 115.66035948940986
59.2500000000007, 143.96791662671984
59.275000000000716, 138.95891346041657
59.300000000000715, 139.67430677548322
59.32500000000071, 143.1423414874589
59.35000000000071, 116.3821178263376
59.3750000000007, 153.40566448154607
59.400000000000716, 155.2190610760205
59.425000000000715, 136.82284641463553
59.45000000000071, 158.21184419966136
59.47500000000071, 145.37445029402502
59.5000000000007, 123.29134445419075
59.525000000000716, 132.93350585675276
59.550000000000715, 144.25931720454724
59.57500000000071, 139.2104311411305
59.60000000000071, 123.70595139483237
59.6250000000007, 129.63439373736549
59.650000000000716, 131.8429923859431
59.675000000000715, 126.12465736314344
59.70000000000071, 153.20546798805088
59.72500000000071, 141.7421963245519
59.75000000000072, 136.32940406220308
59.775000000000716, 128.10443176040292
59.800000000000715, 133.09998583221682
59.82500000000071, 163.87569079949594
59.85000000000071, 159.17266295114942
59.87500000000072, 123.90267638861235
59.900000000000716, 130.5885328470454
59.925000000000715, 112.71783780489957
59.95000000000071, 132.5650761019745
59.97500000000071, 140.0881902582392
60.00000000000072, 177.23403800347575
60.025000000000716, 113.39015805981802
60.050000000000715, 149.78651525633208
60.07500000000071, 127.4935259461688
60.10000000000071, 126.24655096123841
60.12500000000072, 128.0860348025857
60.150000000000716, 149.11979847420352
60.175000000000715, 128.24779438228074
60.20000000000071, 154.36335986523898
60.22500000000071, 142.2028179382072
60.25000000000072, 126.15212912217098
60.275000000000716, 150.43954874762014
60.300000000000715, 138.20162268124193
60.32500000000071, 143.51671053657526
60.35000000000071, 146.42320699968897
60.37500000000072, 126.92926496383757
60.400000000000716, 135.01769548087404
60.425000000000715, 134.64838491061164
60.45000000000071, 145.76040710883615
60.47500000000071, 127.27702849861126
60.50000000000072, 147.11932288454756
60.525000000000716, 149.2349203752721
60.550000000000715, 142.55653413704724
60.57500000000071, 134.8075184669152
60.60000000000071, 127.39551665427715
60.62500000000072, 137.61919397100758
60.650000000000716, 147.49490692687118
60.675000000000715, 125.61003518723416
60.70000000000071, 148.4802489144201
60.72500000000071, 154.2864615653187
60.750000000000725, 123.38685825083678
60.775000000000716, 115.08784638089791
60.800000000000715, 143.78838139011026
60.82500000000071, 120.21484387366624
60.85000000000071, 163.10137884265242
60.875000000000725, 156.6830991970399
60.900000000000716, 138.32865296213387
60.925000000000715, 114.16681520988966
60.95000000000073, 129.06559768090742
60.975000000000726, 137.86080189439517
61.000000000000725, 133.25241517874795
61.025000000000716, 131.38241118786874
61.050000000000715, 130.30134204349778
61.07500000000073, 153.03998849757753
61.100000000000726, 148.6194701809457
61.125000000000725, 140.05453709101192
61.150000000000716, 140.35543924987007
61.175000000000715, 146.5291122924092
61.20000000000073, 147.5799557099868
61.225000000000726, 144.51034702694741
61.250000000000725, 148.32096922427164
61.275000000000716, 150.01099152136257
61.300000000000715, 136.57812016872379
61.32500000000073, 138.01851915227647
61.350000000000726, 129.32658714323725
61.375000000000725, 153.49456474697598
61.400000000000716, 133.51193387939142
61.425000000000715, 127.36455770008777
61.45000000000073, 122.03349305618134
61.475000000000726, 141.49338458852347
61.500000000000725, 144.71031567003968
61.525000000000716, 144.63894052585752
61.55000000000074, 139.21864883585198
61.57500000000074, 151.3684097878965
61.600000000000726, 112.97977549200571
61.625000000000725, 120.90720343987525
61.650000000000716, 149.95420200492987
61.67500000000074, 156.85254378494142
61.70000000000074, 129.22959096659503
61.725000000000726, 154.5550407933357
61.750000000000746, 110.05108874969375
61.775000000000745, 138.52848708711014
61.80000000000074, 152.02165735409645
61.82500000000074, 142.78834791692307
61.850000000000726, 133.82156870082588
61.875000000000746, 132.36869323304057
61.900000000000745, 128.6032016685582
61.92500000000074, 148.23951850687752
61.95000000000074, 102.97624109273545
61.97500000000074, 158.7532311000848
62.000000000000746, 178.91222652599367
62.025000000000745, 178.93079310230178
62.05000000000074, 103.29832995168772
62.07500000000074, 99.55964464312274
62.10000000000074, 99.5781769574387
62.125000000000746, 121.78480089747336
62.150000000000745, 171.36323126064417
62.17500000000074, 179.0419524405006
62.20000000000074, 147.85354653947525
62.22500000000074, 109.14791041530157
62.250000000000746, 133.88950720220964
62.275000000000745, 137.3056005786923
62.30000000000074, 112.40376799106713
62.32500000000074, 135.4633925886635
62.350000000000755, 148.38113879358897
62.375000000000746, 149.30364551246387
62.400000000000745, 139.67359329444912
62.42500000000074, 151.8390492602361
62.45000000000074, 132.31735577282848
62.475000000000755, 132.82148249814475
62.500000000000746, 148.4437602113391
62.525000000000745, 152.17880468276599
62.55000000000075, 120.07955080210127
62.575000000000756, 142.02838212759522
62.600000000000755, 153.33665155052444
62.625000000000746, 128.2385962231264
62.650000000000745, 131.36428199097068
62.67500000000075, 135.06238889210385
62.700000000000756, 151.62584878306308
62.725000000000755, 131.97255063512497
62.75000000000075, 136.02237705412398
62.77500000000075, 150.62218272520005
62.80000000000075, 145.85911837400732
62.825000000000756, 133.84141861011182
62.850000000000755, 155.02902997780097
62.87500000000075, 127.29402944571179
62.90000000000075, 124.55790526773431
62.92500000000075, 142.74424310850367
62.950000000000756, 142.74837154537818
62.975000000000755, 142.41926971025242
63.00000000000075, 155.53706680449784
63.02500000000075, 151.77467301650296
63.05000000000075, 152.63152025299445
63.075000000000756, 124.31777122421639
63.100000000000755, 104.53111156050188
63.12500000000075, 127.92798411191814
63.15000000000075, 139.672185912019
63.17500000000075, 160.92726992965314
63.200000000000756, 156.5899280881568
63.225000000000755, 177.0418716033389
63.25000000000075, 179.82619004025048
63.27500000000075, 171.89377513683257
63.30000000000075, 109.72673066833477
63.325000000000756, 119.2162983253877
63.350000000000755, 100.489754301429
63.37500000000075, 100.50767606076334
63.40000000000075, 147.38795271200598
63.42500000000075, 161.1794477250445
63.450000000000756, 147.07276379012728
63.475000000000755, 139.03591322177874
63.50000000000075, 116.24859771755382
63.52500000000075, 146.84329715748413
63.55000000000077, 144.33253221909172
63.575000000000756, 148.57737396629977
63.600000000000755, 133.6204319490946
63.62500000000075, 154.88679688940394
63.65000000000075, 140.5362747183472
63.67500000000077, 131.52047140605387
63.700000000000756, 140.5697356542474
63.725000000000755, 149.99071918178754
63.750000000000774, 138.43371917158214
63.77500000000077, 139.55800569438065
63.80000000000077, 142.41096785398003
63.825000000000756, 135.61431076249494
63.850000000000755, 124.66070980551083
63.875000000000774, 116.42047888422042
63.90000000000077, 137.4471954879117
63.92500000000077, 171.14423154891745
63.95000000000077, 129.7968578185922
63.97500000000078, 153.6017228113681
64.00000000000077, 149.6908310922482
64.02500000000077, 180.3774412085719
64.05000000000075, 139.02216902312978
64.07500000000077, 124.32938318186524
64.10000000000075, 144.06052760823036
64.12500000000077, 135.17936215764078
64.15000000000077, 143.62061317912645
64.17500000000078, 164.2846210685043
64.20000000000077, 144.02819465749127
64.22500000000075, 153.6501569726518
64.25000000000077, 168.868967564569
64.27500000000077, 118.28798203997655
64.30000000000078, 133.3407523700355
64.32500000000077, 121.20315122663011
64.35000000000078, 140.6489026338593
64.37500000000077, 130.8063019594659
64.40000000000077, 132.7362280056438
64.42500000000078, 142.63927691162473
64.45000000000077, 122.03003436556753
64.47500000000078, 179.14291848733728
64.50000000000077, 159.82301221011483
64.52500000000077, 101.31823113862299
64.55000000000078, 144.6847675228396
64.57500000000078, 141.8941683768353
64.60000000000078, 166.410800840486
64.62500000000077, 138.85668592818104
64.65000000000077, 137.60714320593206
64.67500000000078, 159.08647956860796
64.70000000000078, 101.43913238271443
64.72500000000078, 147.16566745844625
64.75000000000078, 110.06679075476018
64.77500000000077, 180.89899124251224
64.80000000000078, 141.9265257340072
64.82500000000078, 150.88345478788614
64.85000000000078, 155.95983771665897
64.87500000000078, 126.90838943045324
64.90000000000077, 117.42604945535413
64.92500000000078, 164.68838851027454
64.95000000000078, 135.6034412416936
64.97500000000079, 141.64772062984326
65.00000000000078, 136.57187436052277
65.02500000000077, 163.8881569853564
65.05000000000078, 139.43315970882657
65.07500000000078, 118.33368966683807
65.10000000000079, 138.30978354305833
65.12500000000078, 146.07858639718114
65.15000000000079, 151.26007229924528
65.17500000000078, 144.03822201012906
65.20000000000078, 121.38437290803131
65.22500000000079, 164.86580881722136
65.25000000000078, 129.20538453561517
65.27500000000079, 130.15970307645637
65.30000000000078, 177.653580171128
65.32500000000078, 141.13276653196448
65.35000000000079, 102.95822796125071
65.3750000000008, 128.09785274521698
65.40000000000079, 179.5142739352424
65.42500000000078, 150.32817418158146
65.45000000000078, 144.93991289795446
65.47500000000079, 133.3007732412434
65.5000000000008, 126.53195808631568
65.52500000000079, 149.48174246575607
65.55000000000081, 121.07269539265012
65.57500000000078, 156.52724005129286
65.60000000000079, 139.8082484220821
65.6250000000008, 144.76199274039172
65.65000000000079, 130.72198456304818
65.67500000000081, 140.7941514870239
65.70000000000078, 177.99306334865474
65.72500000000079, 140.30278815036758
65.7500000000008, 143.69745689825584
65.7750000000008, 153.1423526760213
65.80000000000081, 111.5875084715273
65.82500000000078, 143.96089979569507
65.85000000000079, 139.1682411511187
65.8750000000008, 120.1108674095364
65.9000000000008, 151.70588425364457
65.92500000000081, 142.29592496430962
65.9500000000008, 135.5767753721094
65.97500000000079, 147.56716735738283
66.0000000000008, 129.74361303680706
66.0250000000008, 155.65121569431201
66.05000000000081, 140.4049951370809
66.0750000000008, 132.52714612200816
66.10000000000079, 147.92912958170263
66.1250000000008, 159.35580770051058
66.1500000000008, 154.8685081645615
66.17500000000081, 162.9849654536837
66.2000000000008, 138.97800606514537
66.22500000000079, 125.85846244135155
66.2500000000008, 135.29607952292787
66.2750000000008, 147.74508140789544
66.30000000000081, 159.91086861353006
66.3250000000008, 125.36478761503008
66.3500000000008, 166.34510885085183
66.3750000000008, 122.14597780532131
66.4000000000008, 155.86172595858648
66.42500000000081, 130.20272663304092
66.4500000000008, 151.88395730968705
66.4750000000008, 102.62659721660447
66.5000000000008, 141.2068790932925
66.5250000000008, 151.9090246806528
66.55000000000081, 114.3448965082182
66.57500000000081, 182.0995574811584
66.6000000000008, 116.3191534126288
66.6250000000008, 149.6222531432195
66.6500000000008, 109.82995794485748
66.67500000000081, 182.16402852438432
66.70000000000081, 150.12876485503
66.7250000000008, 168.8236758827427
66.75000000000081, 152.65515315453013
66.7750000000008, 132.5877403253969
66.80000000000081, 140.02692383377212
66.82500000000081, 141.3060661912192
66.8500000000008, 118.61043908324336
66.87500000000081, 153.8623188991777
66.9000000000008, 142.2353930589737
66.92500000000081, 118.0249346554404
66.95000000000081, 122.0253048484598
66.97500000000082, 163.55754706842757
67.00000000000081, 146.75803115395416
67.0250000000008, 158.2711085140384
67.05000000000081, 125.07567710812049
67.07500000000081, 144.98298339455403
67.10000000000082, 154.02926335099397
67.12500000000081, 164.4785193052195
67.15000000000082, 131.3580960947537
67.17500000000081, 176.73936814814465
67.20000000000081, 126.52591443819028
67.22500000000082, 121.6674124507449
67.25000000000081, 128.57407114489024
67.27500000000082, 137.03608462061516
67.30000000000081, 142.97013386564026
67.32500000000081, 162.38257366980264
67.35000000000082, 158.06887909972238
67.37500000000082, 163.73812574198757
67.40000000000082, 103.21584351271417
67.42500000000081, 137.70866135359182
67.45000000000081, 146.89467582804593
67.47500000000082, 141.7171258035101
67.50000000000082, 143.40438621683296
67.52500000000082, 136.75564238106006
67.55000000000082, 136.49827975159553
67.57500000000081, 169.7461351290246
67.60000000000082, 128.74597366268756
67.62500000000082, 120.42976027190142
67.65000000000082, 167.27992339789398
67.67500000000082, 181.15668164245903
67.70000000000081, 144.08683666584238
67.72500000000082, 140.99196312960532
67.75000000000082, 136.19494507724957
67.77500000000083, 109.35551904780192
67.80000000000082, 132.9822988412517
67.82500000000081, 136.4595887901998
67.85000000000082, 149.930852677784
67.87500000000082, 156.59940269151315
67.90000000000083, 148.85597929834339
67.92500000000082, 172.6715910937789
67.95000000000083, 115.95722717193955
67.97500000000082, 147.55478153164
68.00000000000082, 147.20688782379895
68.02500000000083, 128.52570043851583
68.05000000000082, 166.95490856152406
68.07500000000083, 133.7122603218355
68.10000000000082, 132.43170621950182
68.12500000000082, 145.0711411583005
68.15000000000083, 139.76354615693907
68.17500000000084, 147.185373668259
68.20000000000083, 138.47712756073645
68.22500000000082, 167.20170261948692
68.25000000000082, 172.73075054719482
68.27500000000083, 114.78015196802721
68.30000000000084, 137.89822782769568
68.32500000000083, 122.70945803305301
68.35000000000083, 157.6469738649006
68.37500000000082, 129.33341978426972
68.40000000000083, 169.18473982454884
68.42500000000084, 125.6928099385459
68.45000000000083, 144.95719005881188
68.47500000000083, 150.0559822740281
68.50000000000082, 148.84301856255183
68.52500000000083, 124.99616734056303
68.55000000000084, 171.04860986743392
68.57500000000084, 122.95331992235174
68.60000000000083, 134.62544623591748
68.62500000000082, 145.92734416705468
68.65000000000083, 162.98715074611823
68.67500000000084, 136.79046028355026
68.70000000000084, 145.99134280652618
68.72500000000083, 124.98930544099892
68.75000000000084, 171.1109665838872
68.77500000000083, 134.55814660298245
68.80000000000084, 132.16264539272214
68.82500000000084, 136.80792993801185
68.85000000000083, 174.39792650416962
68.87500000000084, 132.75130168377498
68.90000000000083, 163.7960819466266
68.92500000000084, 148.36478633309866
68.95000000000084, 133.4939889994421
68.97500000000085, 132.82063146094148
69.00000000000084, 156.75244509314936
69.02500000000083, 141.55717084321242
69.05000000000084, 139.41243387618255
69.07500000000084, 132.43479026464456
69.10000000000085, 142.697192223599
69.12500000000084, 139.23967728880262
69.15000000000084, 151.07578828873056
69.17500000000084, 132.195390082821
69.20000000000084, 159.54850152765778
69.22500000000085, 152.82302073282762
69.25000000000084, 131.45328920313784
69.27500000000084, 153.03118607248095
69.30000000000084, 129.59430235729747
69.32500000000084, 161.29125870581933
69.35000000000085, 134.3170185696023
69.37500000000085, 148.18625469081084
69.40000000000084, 155.3272205686376
69.42500000000084, 146.00854328170254
69.45000000000084, 151.94918330369575
69.47500000000085, 141.334257880132
69.50000000000085, 131.53077245727803
69.52500000000084, 153.59356574461356
69.55000000000085, 123.05952723526127
69.57500000000084, 165.97968026861327
69.60000000000085, 132.75635522224104
69.62500000000085, 163.9275356923049
69.65000000000084, 119.04657060380703
69.67500000000085, 165.88828464126652
69.70000000000084, 135.36155522471597
69.72500000000085, 129.25387451412735
69.75000000000085, 156.3572970459992
69.77500000000086, 174.16138424819655
69.80000000000085, 124.67225579176772
69.82500000000084, 104.65536643403357
69.85000000000085, 156.26858056122177
69.87500000000085, 184.0915997152254
69.90000000000086, 114.21460295187927
69.92500000000085, 173.8976744468721
69.95000000000086, 125.38016324182996
69.97500000000085, 121.45599852574117
70.00000000000085, 104.75300505027508
70.02500000000086, 176.69395776892793
70.05000000000085, 133.89511088869892
70.07500000000086, 184.20282931661347
70.10000000000085, 168.86658011142606
70.12500000000085, 132.33458908080667
70.15000000000086, 112.5772961720416
70.17500000000086, 151.38834768881372
70.20000000000086, 109.6047914606009
70.22500000000085, 142.91692549818572
70.25000000000085, 163.17285271585143
70.27500000000086, 163.79463476938338
70.30000000000086, 142.51078183202617
70.32500000000086, 176.5511110024814
70.35000000000086, 123.10801468598117
70.37500000000084, 146.55795216068282
70.40000000000086, 144.68271478998946
70.42500000000086, 137.90580711020846
70.45000000000086, 147.06020347232626
70.47500000000086, 152.78179620828823
70.50000000000084, 141.114207765759
70.52500000000086, 147.59162484795837
70.55000000000086, 150.75452071824714
70.57500000000088, 131.30328526259675
70.60000000000086, 159.94555812064795
70.62500000000084, 135.9378250896054
70.65000000000086, 154.7654532469428
70.67500000000086, 143.82749333663037
70.70000000000088, 134.0422432437999
70.72500000000086, 142.0799820535879
70.75000000000088, 158.6438369063579
70.77500000000086, 137.01729745356454
70.80000000000086, 144.5757763800766
70.82500000000088, 159.50933069372164
70.85000000000086, 129.0380387934867
70.87500000000088, 148.89271619108376
70.90000000000086, 143.61207585483874
70.92500000000086, 145.97504859753587
70.95000000000088, 145.29713766321674
70.97500000000088, 155.6667091689096
71.00000000000088, 137.65041447060466
71.02500000000086, 134.01495263173842
71.05000000000086, 160.32705221537935
71.07500000000088, 114.95174726581664
71.10000000000088, 147.90848778201666
71.12500000000088, 154.8693840201749
71.15000000000087, 151.3542481046975
71.17500000000086, 181.25284471656437
71.20000000000088, 119.04574258819184
71.22500000000088, 141.39755968703184
71.25000000000088, 130.9714034514586
71.27500000000087, 148.73036866601572
71.30000000000086, 158.4902050577285
71.32500000000088, 128.13888172486358
71.35000000000088, 163.39306874608485
71.37500000000088, 128.86905794336124
71.40000000000087, 152.3566028833919
71.42500000000086, 149.92464999168516
71.45000000000088, 142.87577351628664
71.47500000000088, 137.22549944318098
71.50000000000088, 154.0971222314708
71.52500000000087, 136.37934217071108
71.55000000000088, 145.3061989473136
71.57500000000088, 146.95375782428448
71.60000000000088, 135.49354071479874
71.62500000000088, 143.11448552987605
71.65000000000087, 159.9850390608097
71.67500000000088, 165.24254681067464
71.70000000000088, 138.9939048977646
71.72500000000088, 143.3197662551248
71.75000000000088, 161.27909912857112
71.77500000000089, 148.91296174945177
71.80000000000088, 135.24721715476863
71.82500000000088, 139.29405647039638
71.85000000000088, 151.05055485203272
71.87500000000088, 136.48364561289083
71.90000000000089, 142.46726633678904
71.92500000000088, 144.61760020503925
71.95000000000088, 151.62558528898995
71.97500000000088, 140.86835092000365
72.00000000000088, 152.31016566812005
72.02500000000089, 141.5820714513776
72.05000000000088, 141.1439874410668
72.07500000000088, 148.3216330635493
72.10000000000088, 155.56470407726692
72.12500000000088, 132.272216142766
72.15000000000089, 146.68556984617294
72.17500000000089, 152.165611622407
72.20000000000088, 138.18358023767792
72.22500000000088, 156.02311744212537
72.25000000000088, 129.46126573025137
72.27500000000089, 171.19722959309695
72.30000000000089, 118.583520092583
72.32500000000088, 155.66364973440253
72.35000000000089, 164.69803109400428
72.37500000000088, 111.50722836907732
72.40000000000089, 161.14122154727454
72.42500000000089, 150.0596585795055
72.45000000000088, 144.69971033462036
72.47500000000089, 148.0741271476909
72.50000000000088, 139.2614659929717
72.52500000000089, 152.54864695006071
72.55000000000089, 143.33957088197187
72.57500000000091, 134.5011183978325
72.60000000000089, 151.53753725910371
72.62500000000088, 153.06333561921065
72.65000000000089, 157.95562606560378
72.67500000000089, 143.85994353170042
72.70000000000091, 139.28142135389032
72.72500000000089, 130.61134782348407
72.75000000000091, 150.13414686430016
72.77500000000089, 151.05164390662145
72.80000000000089, 154.50631837136086
72.82500000000091, 131.59898484858599
72.85000000000089, 137.40123282569067
72.87500000000091, 136.96392688773366
72.90000000000089, 144.32295569230234
72.92500000000089, 152.50310489736103
72.95000000000091, 144.52065123058216
72.9750000000009, 154.38507136770522
73.00000000000091, 143.10011929938028
73.02500000000089, 139.6644308041789
73.05000000000089, 162.07174783341543
73.07500000000091, 142.31080762655978
73.1000000000009, 145.36490310550414
73.12500000000091, 160.21108656511637
73.1500000000009, 146.81895309427063
73.17500000000089, 153.1488992885125
73.20000000000091, 154.1497027167615
73.2250000000009, 157.75520498155055
73.25000000000091, 135.8798048594364
73.2750000000009, 151.41238237552034
73.30000000000089, 142.20819663093437
73.32500000000091, 153.07826610075605
73.3500000000009, 141.77577608134828
73.37500000000091, 126.97881824229465
73.4000000000009, 145.26374220494048
73.42500000000089, 151.00575756380312
73.45000000000091, 141.75844839162352
73.4750000000009, 134.9757037319237
73.50000000000091, 175.7330270255503
73.5250000000009, 146.27017437218234
73.5500000000009, 131.12320505194418
73.57500000000091, 160.3498531322452
73.6000000000009, 106.55671861301562
73.62500000000091, 152.50129475487824
73.6500000000009, 167.10467515434948
73.6750000000009, 159.54343667230148
73.70000000000091, 162.3572816568539
73.7250000000009, 144.90239773091423
73.75000000000091, 168.52974529814247
73.77500000000093, 122.32541822542663
73.8000000000009, 126.61646963165992
73.82500000000091, 150.53304405855056
73.8500000000009, 128.28289705940608
73.87500000000091, 158.38230108223092
73.90000000000093, 176.55179036976128
73.9250000000009, 142.99656248598123
73.95000000000091, 145.34587254095942
73.9750000000009, 146.5536361249463
74.00000000000091, 125.51710648525001
74.02500000000093, 149.6328827551226
74.0500000000009, 170.58511849686897
74.07500000000091, 140.911349802816
74.1000000000009, 132.77410877178113
74.12500000000091, 155.8892200033428
74.15000000000093, 141.757258375881
74.1750000000009, 127.0386009703962
74.20000000000091, 151.25033792864622
74.22500000000092, 166.1931851240229
74.25000000000091, 149.33458669934572
74.27500000000093, 134.1420788852147
74.30000000000092, 141.5227010690793
74.32500000000091, 152.21629490678234
74.35000000000092, 167.15354507529088
74.37500000000091, 145.90657327367109
74.40000000000093, 116.53700412030057
74.42500000000092, 149.76186638044146
74.45000000000091, 144.69602747857545
74.47500000000092, 161.215429093154
74.50000000000091, 156.1778414931935
74.52500000000093, 152.41579555513846
74.55000000000092, 142.6081026372106
74.57500000000091, 131.53009091066724
74.60000000000092, 151.96484125321882
74.62500000000092, 169.46387767496486
74.65000000000093, 125.93631468619537
74.67500000000092, 141.6036198478427
74.70000000000094, 167.58864785327228
74.72500000000092, 133.63533231809777
74.75000000000092, 156.32889319621256
74.77500000000093, 123.85736271098403
74.80000000000092, 136.67639837909007
74.82500000000094, 132.32569974860064
74.85000000000092, 170.25041321727022
74.87500000000092, 171.67699838845948
74.90000000000093, 143.67469955570448
74.92500000000092, 139.46594607871728
74.95000000000094, 148.44349543016656
74.97500000000092, 145.50280751093678
75.00000000000092, 125.67211611472806
75.02500000000093, 177.56142595986333
75.05000000000092, 148.72974108225915
75.07500000000094, 133.02929811523296
75.10000000000093, 120.94150889308642
75.12500000000092, 150.92350354210242
75.15000000000093, 160.60613546848816
75.17500000000092, 125.39399485243678
75.20000000000094, 163.30709290154974
75.22500000000093, 181.396093482121
75.25000000000092, 176.73853030746977
75.27500000000093, 154.42018470735874
75.30000000000092, 119.49720585190548
75.32500000000094, 149.65181348885454
75.35000000000093, 116.32538340872432
75.37500000000092, 142.82509924286202
75.40000000000093, 131.89790718290635
75.42500000000094, 128.69423357028563
75.45000000000094, 148.22614944403594
75.47500000000093, 173.82123976278766
75.50000000000094, 171.05975958588843
75.52500000000093, 142.53222953763807
75.55000000000094, 155.65600442542978
75.57500000000094, 125.77858341146027
75.60000000000093, 124.8542423529201
75.62500000000094, 173.9029927399327
75.65000000000093, 171.0055468767329
75.67500000000094, 154.0681635105979
75.70000000000094, 143.89610720746492
75.72500000000093, 138.13365237612277
75.75000000000094, 144.88958179175887
75.77500000000093, 134.4261477761062
75.80000000000094, 133.50935436039128
75.82500000000094, 127.07918125556793
75.85000000000093, 160.86958964647735
75.87500000000094, 135.15500501987114
75.90000000000093, 150.04096056739732
75.92500000000094, 156.99508159431656
75.95000000000094, 170.00639985217893
75.97500000000093, 158.56652909973496
76.00000000000094, 138.34423544584885
76.02500000000093, 137.537051680081
76.05000000000094, 159.7063542873736
76.07500000000094, 151.79080575397077
76.10000000000093, 129.38407426053067
76.12500000000094, 154.86664146913546
76.15000000000093, 158.68121118833642
76.17500000000094, 133.16764044717763
76.20000000000094, 149.8062636380155
76.22500000000096, 164.64204830901605
76.25000000000094, 107.61162903142838
76.27500000000093, 176.50871499678803
76.30000000000095, 147.64168337474672
76.32500000000094, 138.06386024205818
76.35000000000096, 155.93895343537798
76.37500000000094, 137.4358016269344
76.40000000000093, 136.9032966899307
76.42500000000095, 167.52974901520906
76.45000000000094, 148.91296453629582
76.47500000000096, 127.98974973604658
76.50000000000094, 147.8146840370423
76.52500000000093, 176.23017687417848
76.55000000000095, 158.15948907886124
76.57500000000094, 133.4975683659511
76.60000000000096, 114.64057521136402
76.62500000000095, 134.37773482667774
76.65000000000093, 155.59313769917344
76.67500000000095, 176.5920982475518
76.70000000000095, 160.68438801190865
76.72500000000096, 145.3821488465693
76.75000000000095, 147.95742176799075
76.77500000000093, 140.92117850905387
76.80000000000095, 130.9968476648478
76.82500000000095, 154.68982316537318
76.85000000000096, 137.83892929352749
76.87500000000095, 153.9524528666254
76.90000000000093, 143.0140930897379
76.92500000000095, 151.35547484097285
76.95000000000095, 144.7953394188292
76.97500000000096, 148.4591010153741
77.00000000000095, 145.27978373291356
77.02500000000096, 147.65737088913278
77.05000000000095, 145.52761847365966
77.07500000000095, 170.93485899861577
77.10000000000096, 172.6044905897366
77.12500000000095, 121.9932994483479
77.15000000000096, 142.71703822331318
77.17500000000095, 157.21590243323237
77.20000000000095, 159.22592796154703
77.22500000000096, 135.97913363995679
77.25000000000095, 119.265606440623
77.27500000000096, 144.9243879317772
77.30000000000095, 120.54941914937575
77.32500000000095, 158.30795049881772
77.35000000000096, 161.67916335587276
77.37500000000095, 169.11560171989632
77.40000000000096, 159.6545054246636
77.42500000000095, 159.20648980431122
77.45000000000095, 137.1479877162076
77.47500000000096, 133.96857530716565
77.50000000000097, 144.6988596797025
77.52500000000096, 137.1148520221655
77.55000000000095, 143.80261670327764
77.57500000000095, 154.52628581333812
77.60000000000096, 169.85589301989705
77.62500000000097, 152.81273680870254
77.65000000000096, 137.87859407296037
77.67500000000095, 142.97280931656735
77.70000000000095, 151.19562489161967
77.72500000000096, 147.33590925729118
77.75000000000097, 147.1355529650296
77.77500000000096, 160.88889549481917
77.80000000000095, 137.71036627163366
77.82500000000097, 171.60998855548576
77.85000000000096, 141.50735437400098
77.87500000000097, 149.22068881024316
77.90000000000097, 149.4332692983919
77.92500000000095, 130.62736355565568
77.95000000000097, 135.95458691672792
77.97500000000096, 142.9381920581411
78.00000000000097, 181.71457215639577
78.02500000000097, 138.31435210567042
78.05000000000095, 134.91680134680365
78.07500000000097, 127.85602455083557
78.10000000000096, 108.19626497671373
78.12500000000097, 108.2032644991325
78.15000000000097, 108.21023947887306
78.17500000000095, 159.86251256375385
78.20000000000097, 187.63236311930734
78.22500000000097, 187.6392643485674
78.25000000000097, 187.6461409535192
78.27500000000097, 184.38364309008017
78.30000000000098, 112.47093968029066
78.32500000000097, 147.248635612054
78.35000000000097, 110.50959649474436
78.37500000000097, 130.90257454687583
78.40000000000097, 163.27170458690023
78.42500000000098, 149.34279534388816
78.45000000000097, 179.03996459573477
78.47500000000097, 187.70691893697307
78.50000000000097, 108.30530078581069
78.52500000000097, 158.9612431555396
78.55000000000098, 148.18881500499867
78.57500000000097, 134.21110786128355
78.60000000000097, 176.7453581234781
78.62500000000098, 124.42265555397006
78.65000000000097, 157.2315526769883
78.67500000000098, 153.4724948975187
78.70000000000098, 137.5447562412229
78.72500000000097, 149.86441239910738
78.75000000000098, 132.34745342234731
78.77500000000097, 168.29067528707728
78.80000000000098, 153.54352495304033
78.82500000000098, 148.91091096560825
78.85000000000097, 133.9403809304416
78.87500000000098, 152.78901353357966
78.90000000000097, 145.02655233545158
78.92500000000098, 152.9953673710197
78.95000000000098, 142.916334084057
78.97500000000097, 162.4343927669713
79.00000000000098, 148.31600841944336
79.02500000000099, 144.0225824003756
79.05000000000098, 133.29628108215468
79.07500000000098, 151.71281786460543
79.10000000000099, 141.5724787260437
79.12500000000098, 147.98561531325592
79.15000000000099, 153.95003497174275
79.17500000000098, 130.3720422785965
79.20000000000098, 162.0391622724864
79.22500000000099, 143.53978701708073
79.25000000000098, 157.1172093051901
79.27500000000099, 124.60599135877081
79.30000000000098, 158.076458179297
79.32500000000098, 143.8641774243961
79.35000000000099, 147.51300019433958
79.37500000000098, 171.13733977641604
79.40000000000099, 161.56654903388898
79.42500000000098, 136.73014813715258
79.45000000000098, 125.14711753004173
79.47500000000099, 163.1995079086346
79.500000000001, 147.97525276609235
79.52500000000099, 132.35753891748615
79.55000000000098, 149.92835235446444
79.57500000000098, 139.36024022911107
79.60000000000099, 164.44850857093076
79.625000000001, 185.01674096960062
79.65000000000099, 124.40663148746663
79.67500000000098, 150.64556754111914
79.70000000000098, 133.1944562781238
79.72500000000099, 145.32172596334163
79.750000000001, 157.48365772223832
79.77500000000099, 145.302915895075
79.80000000000098, 124.79203362682068
79.825000000001, 142.9812470308899
79.85000000000099, 153.44096055503198
79.875000000001, 171.9586168734192
79.900000000001, 149.7136508191546
79.92500000000098, 146.3810943385983
79.950000000001, 155.80606285144637
79.97500000000099, 151.64656566792533
80.000000000001, 161.35890623412465
80.025000000001, 128.3957129686259
80.05000000000098, 151.8992856504444
80.075000000001, 130.83548095535417
80.10000000000099, 173.4820820610862
80.125000000001, 142.74255396560991
80.150000000001, 147.86087392877027
80.17500000000098, 161.12686183647148
80.200000000001, 146.52945077542032
80.225000000001, 131.04930014263718
80.250000000001, 148.44485210051283
80.275000000001, 145.33838406428308
80.300000000001, 143.18384962550425
80.325000000001, 154.28134375121985
80.350000000001, 155.8139536561851
80.375000000001, 134.8884330539615
80.400000000001, 146.57016673321002
80.425000000001, 148.9086520625733
80.450000000001, 164.95248173495298
80.475000000001, 153.75348958073369
80.500000000001, 152.35996425719532
80.525000000001, 142.79956959202946
80.550000000001, 170.0535704490066
80.575000000001, 141.0239510109664
80.600000000001, 154.4917144806225
80.62500000000101, 122.05163549646346
80.650000000001, 143.96830625413668
80.675000000001, 135.81621743936762
80.70000000000101, 156.75084766136246
80.725000000001, 148.6654507505102
80.75000000000101, 139.5152984400563
80.775000000001, 129.48818103904
80.800000000001, 137.25409796896662
80.82500000000101, 170.17159096957556
80.850000000001, 147.2213588323146
80.87500000000101, 176.0338459388343
80.900000000001, 156.66461592820167
80.925000000001, 164.9730391758664
80.95000000000101, 136.6858578836922
80.975000000001, 128.47970764408615
81.00000000000101, 179.894279804846
81.02500000000101, 133.73658993402717
81.050000000001, 132.09908582979574
81.07500000000101, 169.18348289511613
81.10000000000102, 145.54271192103124
81.12500000000101, 155.86898723857604
81.15000000000101, 139.205192111385
81.175000000001, 147.31012827870538
81.20000000000101, 147.1190740878611
81.22500000000102, 138.41231782396548
81.25000000000101, 140.14456414930535
81.27500000000101, 140.6444842487782
81.300000000001, 150.44199666348663
81.32500000000101, 173.18570941960576
81.35000000000102, 158.57237274236488
81.37500000000101, 149.6393359348494
81.40000000000101, 124.38893665760372
81.425000000001, 142.77021121296343
81.45000000000101, 176.79518809351163
81.47500000000102, 148.80740938174517
81.50000000000101, 129.0179895840278
81.52500000000101, 158.12624489391322
81.550000000001, 152.4225955747672
81.57500000000101, 162.45997808773916
81.60000000000102, 149.07432325445848
81.62500000000101, 132.05708178662854
81.65000000000101, 149.03082973844508
81.675000000001, 139.3781960005104
81.70000000000101, 154.05155590396225
81.72500000000102, 166.45977035166717
81.75000000000101, 138.91911299048724
81.77500000000101, 143.47483964155177
81.800000000001, 139.5984679545386
81.82500000000103, 152.15746203679385
81.85000000000102, 148.56909859781234
81.87500000000101, 146.56679063963657
81.90000000000103, 152.76949031190844
81.925000000001, 138.0512035203559
81.95000000000103, 169.05705559549205
81.97500000000102, 141.63401952658745
82.00000000000101, 176.12311945090707
82.02500000000103, 142.7281187735084
82.050000000001, 145.6448181704713
82.07500000000103, 135.029270144024
82.10000000000102, 139.99573608576517
82.12500000000101, 167.6249441644438
82.15000000000103, 126.9726296860026
82.175000000001, 140.0760958699693
82.20000000000103, 141.95877853521833
82.22500000000103, 161.633258259766
82.25000000000101, 139.10314095812737
82.27500000000103, 138.36411219102413
82.30000000000103, 154.4043647934078
82.32500000000103, 154.20452322848953
82.35000000000103, 147.73714090608487
82.37500000000101, 152.96582689428914
82.40000000000103, 171.8440692047812
82.42500000000103, 168.31387311943354
82.45000000000103, 156.3044401865916
82.47500000000103, 150.73128642333992
82.50000000000101, 161.49640325718224
82.52500000000103, 117.49009095581923
82.55000000000103, 154.59254098528865
82.57500000000103, 129.61789290487872
82.60000000000103, 143.52850338400077
82.62500000000105, 159.40652324684058
82.65000000000103, 157.58521455171908
82.67500000000103, 149.5947126075144
82.70000000000105, 151.84081948626357
82.72500000000103, 129.4456176131564
82.75000000000105, 147.06117332904424
82.77500000000103, 162.92363217091335
82.80000000000103, 137.1819161608464
82.82500000000105, 161.2004567051523
82.85000000000103, 140.44182438300572
82.87500000000105, 150.082107901109
82.90000000000103, 153.17837477108196
82.92500000000103, 139.43585885412944
82.95000000000105, 155.67818447868325
82.97500000000103, 150.2508478267099
83.00000000000105, 145.49378125988173
83.02500000000104, 146.85366015728414
83.05000000000103, 150.74563957064947
83.07500000000105, 168.1743022236027
83.10000000000105, 131.62612400015564
83.12500000000105, 142.40322166195403
83.15000000000104, 132.382990567536
83.17500000000103, 168.84609775541088
83.20000000000105, 147.64069753557828
83.22500000000105, 161.89300075102025
83.25000000000105, 166.8035126465897
83.27500000000104, 122.05947235675586
83.30000000000103, 154.84869384896916
83.32500000000105, 136.6813804797428
83.35000000000105, 156.71743980735943
83.37500000000105, 119.42229601684471
83.40000000000104, 145.4343163870651
83.42500000000105, 153.92901449018157
83.45000000000105, 173.05287806370734
83.47500000000105, 161.1251617657448
83.50000000000105, 150.427960589701
83.52500000000104, 134.7932397611093
83.55000000000105, 138.31755181771743
83.57500000000105, 145.71456215013728
83.60000000000105, 164.6667703617482
83.62500000000105, 160.97419657803107
83.65000000000104, 133.58111917244136
83.67500000000105, 160.30907923759787
83.70000000000105, 133.58151806915362
83.72500000000105, 143.31126050913178
83.75000000000105, 141.85085002807315
83.77500000000104, 142.35734917856584
83.80000000000105, 145.51081844278292
83.82500000000105, 168.41666777167035
83.85000000000105, 142.78847834990995
83.87500000000105, 165.2745185578609
83.90000000000106, 151.49148768946066
83.92500000000105, 156.47415119563388
83.95000000000105, 132.8766064984341
83.97500000000105, 147.65052274354568
84.00000000000105, 164.57640416591101
84.02500000000106, 141.88107097066978
84.05000000000105, 155.58401142516075
84.07500000000105, 144.70025683032148
84.10000000000105, 151.3775710477771
84.12500000000105, 146.8600711827514
84.15000000000106, 140.46022842298072
84.17500000000105, 163.17167148916624
84.20000000000105, 141.5367625550431
84.22500000000106, 134.6946129906033
84.25000000000105, 148.99223292759316
84.27500000000106, 155.61937523016937
84.30000000000106, 160.7396563218325
84.32500000000105, 146.86028906979777
84.35000000000106, 147.58206172315545
84.37500000000105, 145.63527610378262
84.40000000000106, 142.21937755119464
84.42500000000106, 141.8099524173009
84.45000000000105, 162.72395045542584
84.47500000000106, 134.3483221330554
84.50000000000105, 164.7288573049244
84.52500000000106, 138.141980030799
84.55000000000106, 149.9223646041047
84.57500000000105, 145.7726975592767
84.60000000000106, 149.63565214559003
84.62500000000105, 154.62171097617755
84.65000000000106, 134.48699982016916
84.67500000000106, 165.26988684494
84.70000000000105, 168.39601750865924
84.72500000000106, 137.18741589823125
84.75000000000105, 139.90254214100918
84.77500000000106, 134.65464333238867
84.80000000000106, 173.99647356393496
84.82500000000105, 127.74311982543668
84.85000000000106, 167.75570082120015
84.87500000000105, 127.16132276702962
84.90000000000106, 169.49253345910012
84.92500000000106, 128.6124673228039
84.95000000000105, 154.64660277809668
84.97500000000106, 165.9419371221399
85.00000000000105, 150.42168388327627
85.02500000000106, 162.5985409610622
85.05000000000106, 146.0299206023869
85.07500000000105, 149.56993620257418
85.10000000000106, 148.77516674867374
85.12500000000105, 148.3184405586822
85.15000000000106, 156.44169468127012
85.17500000000106, 122.75432005584808
85.20000000000105, 132.84891161104446
85.22500000000106, 146.10541308978372
85.25000000000105, 154.67213786811465
85.27500000000106, 162.14877264808626
85.30000000000106, 136.7731116842159
85.32500000000105, 155.48646834846713
85.35000000000106, 139.3571524973851
85.37500000000105, 157.15200947662652
85.40000000000106, 152.14811521426367
85.42500000000108, 149.36450107919742
85.45000000000105, 137.3482724969336
85.47500000000106, 133.6643568549871
85.50000000000108, 141.98884051220566
85.52500000000106, 121.8349541137414
85.55000000000108, 142.74515740724834
85.57500000000105, 156.4193090352822
85.60000000000106, 152.40374240070707
85.62500000000108, 178.24269210317595
85.65000000000106, 170.49126302739523
85.67500000000108, 151.0595324044312
85.70000000000105, 163.1947312636154
85.72500000000106, 143.93803894516765
85.75000000000108, 136.11869454264615
85.77500000000106, 170.68341021020143
85.80000000000108, 141.91350537374677
85.82500000000108, 157.41665460994443
85.85000000000106, 142.68613690650136
85.87500000000108, 144.45815350726537
85.90000000000109, 146.5667811975257
85.92500000000109, 145.82780425140788
85.95000000000108, 145.81264450553556
85.97500000000107, 143.59287187629877
86.0000000000011, 143.1374328363451
86.02500000000109, 138.55663832174616
86.05000000000109, 158.9924288397064
86.07500000000108, 129.56752249878713
86.10000000000107, 170.36836163884317
86.1250000000011, 152.44142822462192
86.15000000000109, 169.7928521656255
86.17500000000109, 143.3865266585082
86.20000000000108, 153.13781406558758
86.22500000000109, 157.89931940521353
86.2500000000011, 148.43014862707844
86.27500000000109, 148.32033800605456
86.30000000000109, 129.78223110418202
86.32500000000108, 182.10538818770033
86.35000000000109, 131.5374883745322
86.3750000000011, 125.87418161633386
86.40000000000109, 166.5091475147912
86.42500000000109, 109.98018783996241
86.45000000000108, 109.04366910241913
86.47500000000109, 137.18986562258897
86.5000000000011, 109.03897251774379
86.52500000000109, 188.44482455744867
86.55000000000109, 188.44239780694062
86.57500000000108, 188.439939636431
86.60000000000109, 147.39828408947108
86.6250000000011, 140.88609317455152
86.65000000000109, 158.8263137072291
86.67500000000109, 109.10128610318509
86.70000000000108, 144.69168411334618
86.72500000000109, 152.11363503373087
86.7500000000011, 117.73725241959897
86.77500000000109, 162.26955811529808
86.80000000000109, 161.17977928706227
86.82500000000108, 174.92079129884604
86.85000000000109, 138.049834431882
86.8750000000011, 153.62773817382708
86.90000000000109, 130.0426808573609
86.92500000000109, 158.13318728729502
86.95000000000108, 153.10033810784984
86.97500000000109, 157.47011575954912
87.0000000000011, 138.78513471952098
87.02500000000109, 139.27748250767485
87.05000000000109, 156.62618465005528
87.07500000000108, 159.07964216124435
87.10000000000109, 140.8633726148532
87.1250000000011, 131.84321747148465
87.15000000000109, 151.6681501512937
87.17500000000109, 145.87648776477306
87.20000000000108, 149.19691392389245
87.22500000000109, 155.4051569826687
87.2500000000011, 134.2009561993246
87.27500000000109, 163.7333336011912
87.30000000000109, 143.40770673137456
87.32500000000108, 156.1304127584496
87.35000000000109, 165.5719272588193
87.3750000000011, 140.27633303069308
87.40000000000109, 157.60633450309666
87.42500000000109, 142.1302458265692
87.45000000000108, 142.0135667005212
87.47500000000109, 162.16082429727368
87.50000000000111, 152.1930077197826
87.52500000000109, 145.28363083621213
87.55000000000109, 133.84772934950172
87.57500000000108, 130.31419988111725
87.60000000000109, 128.82982261680783
87.62500000000111, 131.48575459803382
87.65000000000109, 143.1759718974186
87.67500000000109, 154.19742885231162
87.70000000000108, 148.09876782128362
87.72500000000109, 163.37964660416014
87.75000000000111, 182.84426870501613
87.77500000000109, 174.47963437752122
87.80000000000109, 136.8314368558213
87.82500000000111, 150.65379872340304
87.85000000000109, 163.31074301743317
87.87500000000111, 153.22610891274581
87.90000000000109, 117.37825542419613
87.92500000000109, 121.32312376890911
87.95000000000111, 152.79209040358484
87.97500000000109, 185.99274283915923
88.00000000000111, 144.23595661089752
88.02500000000109, 157.574517228312
88.05000000000109, 152.624548936616
88.07500000000111, 143.2370253787343
88.10000000000109, 143.60549633432896
88.12500000000111, 151.7060277631408
88.15000000000109, 133.7774172892808
88.17500000000109, 137.68939606404757
88.20000000000111, 160.13887731377312
88.22500000000113, 153.68490799059066
88.25000000000111, 152.58781877442607
88.27500000000109, 140.99116775232284
88.30000000000112, 160.05655627624594
88.32500000000111, 137.99229196734515
88.35000000000113, 138.97483720349936
88.37500000000111, 160.02286035168737
88.40000000000109, 152.98089159144143
88.42500000000112, 148.63363888890967
88.45000000000111, 139.798460735398
88.47500000000113, 161.32605027881368
88.50000000000111, 150.04509777475317
88.52500000000109, 156.6776727031005
88.55000000000112, 119.72660120354885
88.57500000000111, 157.24067028271014
88.60000000000113, 158.64837095046784
88.62500000000112, 160.01183860972463
88.65000000000109, 136.09444663952763
88.67500000000112, 121.26314827390624
88.70000000000113, 142.62505445406939
88.72500000000113, 154.2026983324207
88.75000000000112, 152.75627727849752
88.77500000000109, 162.89286039982994
88.80000000000112, 182.42124780198642
88.82500000000113, 108.67922922106776
88.85000000000113, 185.02116016281394
88.87500000000112, 137.70927839702858
88.90000000000109, 137.42683678299053
88.92500000000112, 150.15329360948348
88.95000000000113, 156.22872038487284
88.97500000000113, 138.92589547417765
89.00000000000112, 156.32596257971966
89.02500000000113, 145.6439310428035
89.05000000000112, 142.1281647658774
89.07500000000113, 169.10606509818564
89.10000000000113, 127.23302054792134
89.12500000000112, 158.66695273066796
89.15000000000113, 130.92437493691665
89.17500000000112, 168.89445940747157
89.20000000000113, 148.35486219203653
89.22500000000113, 153.13459815429206
89.25000000000112, 111.8919764733788
89.27500000000113, 147.3394976807926
89.30000000000112, 170.57324087807234
89.32500000000113, 175.9539994181181
89.35000000000113, 130.2159003090544
89.37500000000112, 142.85908594921892
89.40000000000113, 157.75056084243198
89.42500000000112, 126.14164927968122
89.45000000000113, 173.46370054852875
89.47500000000113, 153.6350938258127
89.50000000000117, 127.15024222695376
89.52500000000113, 121.85440027105957
89.55000000000112, 156.9802949907267
89.57500000000113, 142.0216528438848
89.60000000000113, 173.0914406983821
89.62500000000117, 176.29058441844012
89.65000000000113, 140.50699757195503
89.67500000000112, 146.31806284284053
89.70000000000113, 125.53818435866998
89.72500000000113, 157.06215251729344
89.75000000000117, 149.41151594830004
89.77500000000113, 142.2370963360159
89.80000000000112, 142.6716616315923
89.82500000000114, 161.3007198797707
89.85000000000113, 148.5388073587822
89.87500000000117, 147.3817226283316
89.90000000000114, 133.17777221980285
89.92500000000112, 173.45625553663194
89.95000000000114, 137.6894884965292
89.97500000000113, 139.2743688308873
90.00000000000117, 145.55832356002782
90.02500000000114, 175.5340123068378
90.05000000000112, 131.4742555961078
90.07500000000114, 151.28411010566458
90.10000000000113, 115.3869593101453
90.12500000000117, 136.71912154521294
90.15000000000114, 162.27146711937166
90.17500000000112, 143.7999809061132
90.20000000000114, 128.91203588053406
90.22500000000116, 172.98361046878193
90.25000000000117, 147.9268114236802
90.27500000000114, 161.4483693998119
90.30000000000116, 150.1346019447452
90.32500000000114, 150.73117764986665
90.35000000000116, 161.76896408507628
90.37500000000117, 132.88322907236486
90.40000000000114, 158.27953313345066
90.42500000000116, 152.0559896979644
90.45000000000114, 141.2893783355387
90.47500000000116, 166.044526687435
90.50000000000117, 149.37381532717052
90.52500000000114, 136.31838441087774
90.55000000000116, 146.91111622084398
90.57500000000114, 144.18060011000352
90.60000000000116, 130.1551836487128
90.62500000000117, 173.86562631103934
90.65000000000114, 173.34421464681444
90.67500000000116, 147.6184172045334
90.70000000000117, 143.69911323049695
90.72500000000116, 134.5666044087236
90.75000000000117, 139.15925797747232
90.77500000000114, 153.36660042788225
90.80000000000116, 138.02172176059105
90.82500000000117, 137.8832584233487
90.85000000000116, 157.6014939262979
90.87500000000117, 152.6694199630561
90.90000000000114, 135.3354870686954
90.92500000000116, 172.3883223382512
90.95000000000117, 144.79730787591217
90.97500000000116, 154.67310173828466
91.00000000000117, 141.78132207710405
91.02500000000116, 143.8499267385077
91.05000000000116, 138.1918656723215
91.07500000000117, 116.02134070549545
91.10000000000116, 169.93098374892372
91.12500000000117, 133.69844299602016
91.15000000000116, 180.39478869145427
91.17500000000116, 156.06822790639313
91.20000000000117, 161.16024243241952
91.22500000000116, 141.1779354671546
91.25000000000117, 131.1297633619107
91.27500000000116, 153.61992426902418
91.30000000000116, 136.96209374877174
91.32500000000117, 136.07208408677627
91.35000000000116, 154.00415376743268
91.37500000000117, 171.75653139820213
91.40000000000116, 146.3377870550919
91.42500000000116, 107.93527867175163
91.45000000000117, 187.0557058405508
91.47500000000116, 141.85036220877487
91.50000000000117, 131.73155258788182
91.52500000000116, 162.90309891946518
91.55000000000116, 145.7321507186906
91.57500000000117, 140.37649145266283
91.60000000000116, 150.05635218318162
91.62500000000117, 143.34331295306242
91.65000000000116, 162.77706720868036
91.67500000000116, 139.72346973755202
91.70000000000117, 144.91277588798124
91.72500000000116, 148.3974218171595
91.75000000000117, 163.96296699035037
91.77500000000116, 140.27041425972104
91.80000000000116, 134.94200106417247
91.82500000000117, 146.63038214271535
91.85000000000116, 137.06330950062556
91.87500000000117, 164.05665484805618
91.90000000000116, 154.49696858594427
91.92500000000116, 157.29978208157013
91.95000000000117, 169.34604502018698
91.97500000000116, 140.37544903705015
92.00000000000117, 157.7522783392094
92.02500000000116, 149.93410541370156
92.05000000000116, 113.56688697488102
92.07500000000117, 115.81181091563698
92.10000000000116, 117.66926406965217
92.12500000000117, 149.2156754994291
92.15000000000116, 107.6605469566532
92.17500000000116, 125.34545387449117
92.20000000000117, 169.82303325997168
92.22500000000116, 181.42846013077815
92.25000000000117, 187.02853611732303
92.27500000000116, 187.01838142858287
92.30000000000118, 169.7975995857007
92.32500000000117, 144.6399119078871
92.35000000000116, 123.72112340182088
92.37500000000117, 133.28478096736524
92.40000000000116, 113.58952100781573
92.42500000000118, 149.36134379335107
92.45000000000117, 107.53803946111009
92.47500000000116, 107.75121545145521
92.50000000000117, 171.02822194171756
92.52500000000116, 143.19845118492174
92.55000000000118, 186.90429320392468
92.57500000000117, 186.1126867766808
92.60000000000116, 182.62136960014362
92.62500000000118, 138.589275982517
92.65000000000116, 140.59787656180134
92.67500000000118, 121.31573047922257
92.70000000000118, 158.2880197088989
92.72500000000116, 135.49112663842936
92.75000000000118, 150.23279168608104
92.77500000000116, 118.89805276736905
92.80000000000118, 134.82708304118285
92.82500000000118, 173.42831843025868
92.85000000000116, 175.86398612848984
92.87500000000118, 129.23602245428464
92.90000000000116, 153.88754739936587
92.92500000000118, 156.9389282303759
92.95000000000118, 142.14686717780745
92.97500000000116, 163.26106556871403
93.00000000000118, 142.47184199480085
93.0250000000012, 144.31528082841194
93.05000000000118, 136.46247448626818
93.07500000000118, 138.92052335659423
93.1000000000012, 166.6916056063138
93.12500000000118, 120.8965838061344
93.1500000000012, 145.87016596592917
93.17500000000118, 173.31346179255968
93.20000000000118, 146.2168855958539
93.2250000000012, 145.11716044163887
93.25000000000118, 136.85391344549208
93.2750000000012, 155.5691257860624
93.30000000000118, 145.38561788764508
93.32500000000118, 139.05673116297157
93.3500000000012, 162.32771717906797
93.37500000000118, 150.56184832644368
93.4000000000012, 136.90613956780584
93.4250000000012, 130.16991990060154
93.45000000000118, 142.7581820425653
93.4750000000012, 182.26504892103827
93.50000000000121, 137.83356837469563
93.5250000000012, 130.83941451528997
93.5500000000012, 153.15931394557597
93.57500000000118, 149.06162401610877
93.6000000000012, 165.16856640439693
93.62500000000121, 126.98067005314408
93.6500000000012, 138.85051887375414
93.6750000000012, 164.85002655078773
93.70000000000118, 134.45308799074132
93.7250000000012, 143.30107369357683
93.75000000000121, 174.0912784786418
93.7750000000012, 122.6990668656297
93.8000000000012, 135.46720599369073
93.8250000000012, 172.63099167802636
93.8500000000012, 148.64477734923997
93.87500000000121, 139.91404865237263
93.9000000000012, 122.2488444038861
93.9250000000012, 144.90152797805433
93.9500000000012, 168.64414907317655
93.9750000000012, 169.19921467782694
94.00000000000121, 144.50057580841656
94.0250000000012, 117.59739636841857
94.0500000000012, 160.14133703178572
94.0750000000012, 138.1887457211372
94.1000000000012, 159.0059987896585
94.12500000000121, 139.92558550726648
94.1500000000012, 136.86686932043264
94.1750000000012, 143.26910594556244
94.2000000000012, 132.9420388065434
94.2250000000012, 120.2934044970603
94.25000000000121, 172.84078778843025
94.2750000000012, 174.46642827323757
94.3000000000012, 156.2579303624329
94.3250000000012, 137.80095420543063
94.3500000000012, 130.5710276926737
94.37500000000121, 138.86688104851598
94.4000000000012, 137.04102963390793
94.4250000000012, 161.65017108697924
94.4500000000012, 146.02692698043307
94.4750000000012, 170.22933432205133
94.50000000000121, 165.96609659758775
94.5250000000012, 147.64990552162251
94.5500000000012, 129.44612643824286
94.5750000000012, 152.2987440263011
94.6000000000012, 129.92599769627424
94.62500000000121, 165.79986991882015
94.6500000000012, 146.16849609580495
94.6750000000012, 136.187714982971
94.7000000000012, 133.41608196230456
94.7250000000012, 134.0053458415102
94.75000000000121, 157.32545786205563
94.7750000000012, 136.75078249528337
94.8000000000012, 182.55365262001453
94.8250000000012, 145.2154108021123
94.8500000000012, 170.3493998866211
94.87500000000121, 108.12903795092276
94.9000000000012, 146.6565153317778
94.9250000000012, 143.8546993682994
94.9500000000012, 144.65407388094283
94.9750000000012, 149.22922934728612
95.00000000000121, 138.17358044375143
95.0250000000012, 156.88783971590593
95.0500000000012, 135.99151366253392
95.0750000000012, 154.4582376478754
95.10000000000122, 139.46122662533054
95.12500000000121, 147.49754444047412
95.1500000000012, 156.67334626962253
95.1750000000012, 144.477895599617
95.2000000000012, 148.2633106027363
95.22500000000122, 125.06538588625698
95.25000000000121, 153.8019222530541
95.2750000000012, 124.10403844686174
95.3000000000012, 162.90179573706337
95.3250000000012, 136.74200831006357
95.35000000000122, 150.82264499966413
95.37500000000121, 150.00547385413313
95.4000000000012, 153.9332956794271
95.42500000000122, 159.19808117075914
95.4500000000012, 138.46256062077248
95.47500000000122, 142.50217459634388
95.50000000000122, 134.19312761884322
95.5250000000012, 147.48209232861558
95.55000000000122, 158.35791701476154
95.5750000000012, 125.83132344376463
95.60000000000122, 161.92188494098664
95.62500000000122, 135.65002338914596
95.6500000000012, 162.03215312571766
95.67500000000122, 134.07777777289246
95.7000000000012, 144.78780327568353
95.72500000000122, 164.15354346954388
95.75000000000122, 143.1559633331304
95.7750000000012, 134.7647156768736
95.80000000000122, 152.93651977887149
95.82500000000122, 140.61240609216372
95.85000000000122, 151.71328270463363
95.87500000000122, 140.1331167419765
95.90000000000124, 131.7286867666366
95.92500000000122, 135.30423597309445
95.95000000000122, 164.58837711057026
95.97500000000122, 150.19967144257913
96.00000000000122, 139.5984734819874
96.02500000000124, 148.03175061071397
96.05000000000122, 157.50564727148486
96.07500000000122, 142.81482398078268
96.10000000000122, 138.53609580650686
96.12500000000122, 155.13524281677715
96.15000000000124, 143.2805653727143
96.17500000000122, 142.48457441295977
96.20000000000122, 128.27682653130978
96.22500000000124, 158.52763649273697
96.25000000000122, 149.13397984303066
96.27500000000124, 142.94710375881738
96.30000000000123, 134.77399414527486
96.32500000000122, 147.52309228026343
96.35000000000124, 147.22186011152527
96.37500000000122, 155.34585595947914
96.40000000000124, 138.48674747501218
96.42500000000123, 159.75106613356525
96.45000000000122, 150.59690478567447
96.47500000000124, 150.48026020937087
96.50000000000122, 130.38025835545818
96.52500000000124, 135.0749638533789
96.55000000000123, 146.9922658612828
96.57500000000122, 137.89190858205907
96.60000000000124, 129.92631280719604
96.62500000000124, 155.75091601750947
96.65000000000124, 164.04998107647566
96.67500000000123, 144.9980823008509
96.70000000000124, 164.08695606141754
96.72500000000124, 136.67413865963826
96.75000000000124, 139.86882928555855
96.77500000000124, 125.06410570734367
96.80000000000123, 128.38766980443816
96.82500000000124, 105.14041465766627
96.85000000000124, 133.84073569335712
96.87500000000124, 105.10617560680407
96.90000000000124, 174.94593735895356
96.92500000000123, 161.69989822517493
96.95000000000124, 184.46276550790702
96.97500000000124, 184.44546655291248
97.00000000000124, 129.2135100065184
97.02500000000124, 176.11067814744388
97.05000000000123, 142.20377422389248
97.07500000000124, 143.24571476746104
97.10000000000124, 116.80289490172383
97.12500000000124, 141.07336571497834
97.15000000000124, 168.4383926350275
97.17500000000123, 105.42420058595312
97.20000000000124, 170.11869992445708
97.22500000000124, 121.59047605666231
97.25000000000124, 158.45620674960182
97.27500000000124, 136.42514657064285
97.30000000000123, 160.8554116921123
97.32500000000124, 137.96109010550754
97.35000000000124, 163.24450687295106
97.37500000000124, 146.4963005651034
97.40000000000124, 131.14439114036867
97.42500000000123, 151.53597208155344
97.45000000000124, 135.17824702528338
97.47500000000124, 152.2994055173242
97.50000000000124, 132.95775551770396
97.52500000000124, 146.24483127018758
97.55000000000123, 131.82313289746082
97.57500000000124, 139.78965884958572
97.60000000000124, 157.65954432328826
97.62500000000124, 149.84019221205932
97.65000000000124, 152.11994249708803
97.67500000000123, 142.42327493573953
97.70000000000124, 157.17849362535287
97.72500000000124, 135.38026769568555
97.75000000000124, 133.69560992490148
97.77500000000124, 137.96803047211284
97.80000000000123, 148.15765454225902
97.82500000000124, 153.53127655305528
97.85000000000124, 138.69127141084715
97.87500000000124, 121.00392358539423
97.90000000000126, 159.70133097543507
97.92500000000123, 155.7973354397153
97.95000000000124, 147.99368879444762
97.97500000000124, 153.4597777964588
98.00000000000124, 132.9703589317644
98.02500000000126, 137.690160678349
98.05000000000123, 135.91709049179198
98.07500000000124, 148.91131641708557
98.10000000000124, 133.8250099674206
98.12500000000124, 156.70218461963998
98.15000000000126, 135.5124944740919
98.17500000000123, 147.19340091514482
98.20000000000124, 141.68739373831195
98.22500000000126, 157.9695248279587
98.25000000000124, 155.0623671230076
98.27500000000126, 158.02967164035869
98.30000000000126, 121.93052743754382
98.32500000000124, 144.713700811208
98.35000000000126, 153.06062568317986
98.37500000000124, 132.29081785206344
98.40000000000126, 124.6129831338013
98.42500000000126, 141.93340303948375
98.45000000000124, 147.71351946196688
98.47500000000126, 150.62226802973936
98.50000000000124, 131.5959966155109
98.52500000000126, 138.08276779388908
98.55000000000126, 173.5066035220713
98.57500000000124, 139.3800627562752
98.60000000000126, 159.72008975929154
98.62500000000126, 142.78440614330842
98.65000000000126, 133.1159747814286
98.67500000000126, 119.00307269321377
98.70000000000128, 145.5359455290233
98.72500000000126, 166.92472021490084
98.75000000000126, 136.16820599029285
98.77500000000126, 127.96993306522745
98.80000000000126, 154.9326366864162
98.82500000000128, 132.35748030035327
98.85000000000126, 156.45432183006957
98.87500000000126, 139.9351947073237
98.90000000000126, 146.60640999379046
98.92500000000126, 148.48400224257307
98.95000000000128, 126.39909217012166
98.97500000000126, 171.5897555642528
99.00000000000126, 150.3382726322796
99.02500000000128, 126.90204289004214
99.05000000000126, 127.86510598913897
99.07500000000128, 151.42700472703268
99.10000000000127, 125.6831869860023
99.12500000000126, 156.2562957999166
99.15000000000128, 146.63450619235056
99.17500000000126, 133.0656710245999
99.20000000000128, 165.83725279242884
99.22500000000127, 166.33653095435113
99.25000000000126, 125.10976360911964
99.27500000000128, 133.02584162704136
99.30000000000126, 126.71909033505806
99.32500000000128, 158.7306970936239
99.35000000000127, 133.23158336050054
99.37500000000126, 124.72882347711302
99.40000000000128, 154.5985664544638
99.42500000000128, 164.3628382188021
99.45000000000128, 133.33880346592073
99.47500000000127, 165.62832238499072
99.50000000000128, 122.20286439246284
99.52500000000128, 157.95464850249968
99.55000000000128, 159.6988110523486
99.57500000000128, 118.13142469444222
99.60000000000127, 146.71801979087468
99.62500000000128, 139.478257987171
99.65000000000128, 122.78864702233248
99.67500000000128, 132.7690215163255
99.70000000000128, 128.12479008540345
99.72500000000127, 111.25769559495669
99.75000000000128, 140.4347462841251
99.77500000000128, 146.0577505762972
99.80000000000128, 170.76194933568848
99.82500000000128, 154.68211372383763
99.85000000000127, 161.03806543797697
99.87500000000128, 165.68296588867884
99.90000000000128, 135.45321574768565
99.92500000000128, 151.04504091046078
99.95000000000128, 151.99458092296612
99.97500000000127, 132.18126185173313
100.00000000000128, 145.8679136855103
100.02500000000128, 129.2070758820322
100.05000000000128, 123.86559664011524
100.07500000000128, 127.81910001123957
100.10000000000127, 159.3207673010289
100.12500000000128, 130.65707827263975
100.15000000000128, 159.5219071873905
100.17500000000128, 165.2609990022604
100.20000000000128, 141.2241210494295
100.22500000000127, 157.9017892711529
100.25000000000128, 133.76868560885814
100.27500000000128, 140.20222353293266
100.30000000000128, 109.15032207521179
100.32500000000128, 143.68730422770503
100.35000000000127, 132.66304038185936
100.37500000000128, 143.8934295675777
100.40000000000128, 134.17146324596877
100.42500000000128, 148.67728186292186
100.45000000000128, 148.80869537415938
100.47500000000127, 143.08707047779734
100.50000000000128, 163.3757602735725
100.52500000000128, 146.00819200785782
100.55000000000128, 158.37939614089038
100.57500000000128, 120.53344348932166
100.60000000000127, 149.22829544846627
100.6250000000013, 123.97279353355532
100.65000000000128, 164.02389520431333
100.67500000000128, 115.29753660373535
100.7000000000013, 174.7079267962123
100.72500000000127, 104.4208788922113
100.7500000000013, 137.79441160914928
100.77500000000128, 175.19625917392784
100.80000000000128, 145.02456329109054
100.8250000000013, 112.09996540968837
100.85000000000127, 142.06312073449593
100.8750000000013, 156.54851655906887
100.90000000000128, 160.0564405950892
100.92500000000128, 120.37119819352185
100.9500000000013, 149.0656477591663
100.97500000000127, 134.1789568614009
101.0000000000013, 135.38572415689544
101.0250000000013, 144.48080284466113
101.05000000000128, 153.55152986666315
101.0750000000013, 122.90373492475112
101.1000000000013, 145.54225831177678
101.1250000000013, 157.24200259082122
101.1500000000013, 129.92429726109052
101.17500000000128, 138.3507429059863
101.2000000000013, 144.49084648696683
101.2250000000013, 132.46191366904134
101.2500000000013, 143.49574288040156
101.2750000000013, 147.41941941013724
101.30000000000128, 160.1884879322111
101.3250000000013, 140.18995965795025
101.3500000000013, 130.130734586647
101.3750000000013, 141.99475927339392
101.4000000000013, 129.41384300372133
101.42500000000128, 143.28713156535716
101.4500000000013, 141.9184856067879
101.4750000000013, 138.4608295388563
101.50000000000132, 151.171800322966
101.5250000000013, 127.53924761627451
101.55000000000128, 139.1762667428495
101.5750000000013, 161.9451119170208
101.6000000000013, 133.3667921716953
101.62500000000132, 160.9528106224455
101.6500000000013, 131.093785067263
101.67500000000128, 132.2128332400872
101.7000000000013, 165.91008184727573
101.7250000000013, 116.78649899381297
101.75000000000132, 100.97726486901496
101.7750000000013, 118.9085257948719
101.80000000000128, 108.90273586294234
101.82500000000131, 126.68085782468404
101.8500000000013, 160.43981150934388
101.87500000000132, 180.25837511370878
101.90000000000131, 154.71701411011324
101.92500000000128, 156.79375503429304
101.95000000000131, 156.5113189867425
101.9750000000013, 142.73477445838836
102.00000000000132, 158.8452627438565
102.02500000000131, 127.66593462810732
102.05000000000128, 142.24616969586873
102.07500000000131, 128.05650306579673
102.1000000000013, 121.70977545241725
102.12500000000132, 146.13546277649203
102.15000000000131, 131.28999845240898
102.17500000000128, 139.1963393246388
102.20000000000131, 129.47012331539224
102.22500000000132, 159.40044481202153
102.25000000000132, 153.49749679135553
102.27500000000131, 148.94394577367274
102.30000000000132, 147.61034517990333
102.32500000000131, 131.22235651407914
102.35000000000132, 145.26519101531204
102.37500000000132, 144.91110582948022
102.40000000000131, 134.5987711044604
102.42500000000132, 122.18473283584672
102.45000000000131, 133.436626955002
102.47500000000132, 100.22453687718308
102.50000000000132, 100.19791730301728
102.52500000000131, 100.17125328887312
102.55000000000132, 116.52582086331273
102.57500000000131, 146.44400579350406
102.60000000000132, 179.4992417931133
102.62500000000132, 179.47239981498035
102.65000000000131, 179.44551329483147
102.67500000000132, 172.14526342164746
102.70000000000131, 173.71053575444736
102.72500000000132, 109.84862446085981
102.75000000000132, 133.89048446470295
102.77500000000131, 115.17899755384855
102.80000000000132, 121.40646317825608
102.82500000000131, 138.01418849062088
102.85000000000132, 105.65127050497813
102.87500000000132, 101.16149521588372
102.90000000000131, 128.87029871201258
102.92500000000132, 130.60265576175686
102.95000000000131, 179.11939334747973
102.97500000000132, 167.985256736102
103.00000000000132, 160.58530961859935
103.02500000000131, 139.48757399143142
103.05000000000132, 166.85564355603498
103.07500000000131, 133.4794571421147
103.10000000000132, 117.22535143615465
103.12500000000132, 153.30555174491397
103.15000000000131, 126.7401993647752
103.17500000000132, 134.53996729317902
103.20000000000131, 138.73544143609982
103.22500000000132, 124.37026102720304
103.25000000000132, 128.49272757934432
103.27500000000131, 164.15059651303673
103.30000000000132, 164.38833756462287
103.32500000000131, 133.24588329091932
103.35000000000132, 121.7581957907602
103.37500000000132, 133.95524020024482
103.40000000000131, 160.8621211961468
103.42500000000132, 151.49923701003763
103.45000000000131, 121.88235454869424
103.47500000000132, 152.02251964244647
103.50000000000134, 139.9256819841281
103.52500000000131, 141.59179584399163
103.55000000000132, 131.01285632124043
103.57500000000131, 139.16867378453293
103.60000000000132, 153.01796518663724
103.62500000000134, 138.48027412697996
103.65000000000131, 131.40043588137047
103.67500000000132, 136.47990914835287
103.70000000000131, 150.15233035599613
103.72500000000132, 139.40844858109986
103.75000000000134, 132.71170490925607
103.77500000000131, 143.37887440333566
103.80000000000132, 132.80649201359267
103.82500000000134, 128.2929821667863
103.85000000000132, 135.20159923334373
103.87500000000134, 124.77982579072574
103.90000000000134, 155.33847290765564
103.92500000000132, 158.60917517438864
103.95000000000134, 154.48476428504998
103.97500000000132, 130.45882476136592
104.00000000000134, 109.69607340585253
104.02500000000134, 152.55888875107684
104.05000000000132, 139.7725576877097
104.07500000000134, 119.22813917580035
104.10000000000132, 138.36225293522907
104.12500000000134, 144.75315327578852
104.15000000000134, 109.02602476923059
104.17500000000132, 106.95354945981848
104.20000000000134, 100.0552994680906
104.22500000000132, 113.30192198017176
104.25000000000134, 149.7476768657449
104.27500000000134, 177.60136924037937
104.30000000000135, 177.57149782622702
104.32500000000134, 163.40131076305806
104.35000000000132, 137.23830076753296
104.37500000000134, 131.03292675889097
104.40000000000134, 146.22142099148274
104.42500000000135, 141.09834466439753
104.45000000000134, 129.1201182937103
104.47500000000132, 141.86299065432374
104.50000000000134, 129.20545819058344
104.52500000000134, 120.53981809029108
104.55000000000135, 167.0853746156287
104.57500000000134, 129.4477672830591
104.60000000000132, 112.41527388222357
104.62500000000135, 118.67776698868639
104.65000000000134, 154.8678797413843
104.67500000000135, 124.34905480282833
104.70000000000135, 148.88983859243808
104.72500000000132, 131.63944780799523
104.75000000000135, 144.13339850043474
104.77500000000134, 151.31591310285057
104.80000000000135, 168.84197563538902
104.82500000000135, 120.2595129587531
104.85000000000132, 149.94934040114515
104.87500000000135, 125.40749791822648
104.90000000000134, 148.47669753714808
104.92500000000135, 106.85390012454755
104.95000000000135, 115.91117482243169
104.97500000000132, 138.71238854022576
105.00000000000135, 140.0951007221596
105.02500000000136, 141.7439478405793
105.05000000000135, 169.24396048120818
105.07500000000135, 141.144354261851
105.10000000000136, 146.08169237258795
105.12500000000135, 134.9987565636644
105.15000000000136, 130.4395095834099
105.17500000000135, 129.8072444564695
105.20000000000135, 129.3935103326379
105.22500000000136, 125.00586824508255
105.25000000000135, 122.1960776226299
105.27500000000136, 162.35334644561073
105.30000000000135, 153.09825861139814
105.32500000000135, 137.32372196613957
105.35000000000136, 122.89276723496471
105.37500000000135, 148.63977542735157
105.40000000000136, 117.18647353124979
105.42500000000135, 156.2516898705515
105.45000000000135, 124.4554634178401
105.47500000000136, 138.87233871277806
105.50000000000135, 120.65462895086429
105.52500000000136, 115.9410310465073
105.55000000000135, 135.06968569504332
105.57500000000135, 169.91380400134696
105.60000000000136, 162.05088459176451
105.62500000000135, 132.5627902160919
105.65000000000136, 141.54596030326044
105.67500000000135, 115.690368822377
105.70000000000135, 105.2157143491678
105.72500000000136, 111.89552244663648
105.75000000000135, 146.5936992212041
105.77500000000136, 175.72712655497799
105.80000000000135, 143.87797753058928
105.82500000000135, 128.83629621457393
105.85000000000136, 143.29072889631843
105.87500000000135, 128.62460622500598
105.90000000000136, 125.64967385195087
105.92500000000135, 131.42921386817994
105.95000000000135, 160.18202444399472
105.97500000000136, 116.20973541371154
106.00000000000135, 143.82965611626932
106.02500000000136, 117.32056514598047
106.05000000000135, 148.89023550424392
106.07500000000135, 133.66518463305408
106.10000000000136, 117.69602252612432
106.12500000000135, 138.96873615475027
106.15000000000136, 133.41125225240881
106.17500000000135, 159.88285345312568
106.20000000000135, 116.13206893785477
106.22500000000136, 163.7147076260261
106.25000000000135, 153.89368045133824
106.27500000000136, 135.60616748727685
106.30000000000138, 124.65539125041022
106.32500000000135, 121.2821684362273
106.35000000000136, 136.09941733946698
106.37500000000135, 131.02215162018422
106.40000000000136, 122.45260472892744
106.42500000000138, 109.92486998302024
106.45000000000135, 130.1948948198782
106.47500000000136, 166.47038533482083
106.50000000000135, 145.27184333847896
106.52500000000136, 167.20463491046786
106.55000000000138, 110.12980319171737
106.57500000000135, 162.4729647552845
106.60000000000136, 120.55860247492038
106.62500000000138, 119.23931366807398
106.65000000000136, 131.04420631084383
106.67500000000138, 135.2150478176028
106.70000000000135, 143.23955845427267
106.72500000000136, 143.3782242791311
106.75000000000138, 118.0584924823977
106.77500000000136, 96.28532083355137
106.80000000000138, 94.9408660590463
106.82500000000135, 170.65926392129919
106.85000000000136, 148.05463132476208
106.87500000000138, 143.4827086386979
106.90000000000136, 172.15863407909572
106.92500000000138, 134.19012508229667
106.95000000000135, 138.59151697778128
106.97500000000136, 134.84628268305315
107.00000000000138, 138.26128500979792
107.02500000000136, 120.48527247052598
107.05000000000138, 130.18924268185623
107.07500000000135, 138.88622423922948
107.10000000000143, 126.87772448433776
107.12500000000138, 118.2898487827415
107.15000000000136, 153.14348730710537
107.17500000000138, 149.41463429443175
107.20000000000135, 119.06837255958118
107.22500000000143, 136.0706738140098
107.25000000000138, 124.38948107260367
107.27500000000136, 147.9966181922914
107.30000000000138, 129.88185006490107
107.32500000000135, 155.09075156162658
107.35000000000143, 132.75207918693758
107.37500000000138, 137.6752869482901
107.40000000000136, 133.39578449529085
107.42500000000143, 133.66317642149681
107.45000000000135, 131.87857761529585
107.47500000000143, 120.3302241348197
107.5000000000014, 128.50543310744914
107.52500000000136, 137.56836715585683
107.55000000000143, 136.02873396598415
107.57500000000135, 136.64602517234584
107.60000000000143, 141.97899530311355
107.6250000000014, 130.51506555057813
107.65000000000136, 132.6342480790227
107.67500000000143, 131.86838339086358
107.70000000000135, 125.34158051455339
107.72500000000143, 136.45536704849502
107.7500000000014, 139.23914793366168
107.77500000000136, 119.33417548368647
107.80000000000143, 149.44830528939136
107.82500000000141, 121.28681855743264
107.85000000000143, 138.10316720753818
107.8750000000014, 140.30563721285858
107.90000000000141, 126.01392663669719
107.92500000000143, 137.37011303784465
107.95000000000141, 121.0012480879686
107.97500000000143, 143.77602847820916
108.0000000000014, 136.87480153022096
108.02500000000141, 105.53486283524587
108.05000000000143, 167.0594713257005
108.07500000000141, 124.84874930907664
108.10000000000143, 130.42729076274662
108.1250000000014, 134.01500658126756
108.15000000000141, 131.66631337930517
108.17500000000143, 137.8168959687344
108.20000000000141, 130.64471087500513
108.22500000000143, 110.32925699796459
108.2500000000014, 158.56616788366654
108.27500000000141, 147.2400628375472
108.30000000000143, 103.21166390351601
108.32500000000141, 146.95141388287863
108.35000000000143, 106.57780536679181
108.3750000000014, 163.8752425657721
108.40000000000141, 124.47744457692949
108.42500000000143, 122.82554951516562
108.45000000000141, 138.666778901092
108.47500000000143, 124.32763795921471
108.5000000000014, 148.53248249489363
108.52500000000141, 130.67443496754333
108.55000000000143, 129.16419701646834
108.57500000000141, 130.33819292512737
108.60000000000143, 107.98350399531157
108.6250000000014, 139.2428658797415
108.65000000000141, 145.14671455251636
108.67500000000143, 136.71937588831167
108.70000000000141, 138.47484223471832
108.72500000000143, 134.0154815217692
108.7500000000014, 124.40689198151298
108.77500000000141, 115.12734668943031
108.80000000000143, 157.6654883579819
108.82500000000141, 127.08079848287753
108.85000000000143, 123.83757617412796
108.8750000000014, 133.9802349851359
108.90000000000141, 125.47864939601084
108.92500000000143, 128.52483129917255
108.95000000000141, 144.66674300822945
108.97500000000143, 125.78883358197325
109.0000000000014, 135.01464871442244
109.02500000000141, 140.6091234629023
109.05000000000143, 140.9251197522807
109.07500000000141, 105.39923975099677
109.10000000000143, 119.56978767321755
109.1250000000014, 107.06845858105922
109.15000000000141, 135.53739694178364
109.17500000000143, 111.46614662302143
109.20000000000141, 121.02272051405149
109.22500000000143, 151.9952843328382
109.2500000000014, 166.89295230424295
109.27500000000141, 154.1332427685801
109.30000000000143, 133.20102477780353
109.32500000000141, 134.72131303113449
109.35000000000143, 132.45930510701027
109.3750000000014, 131.2870928903206
109.40000000000141, 140.1469983662127
109.42500000000143, 118.02567788395051
109.45000000000141, 108.94911924085862
109.47500000000143, 140.0183879248655
109.50000000000144, 127.50354515140963
109.52500000000141, 109.95139139907164
109.55000000000143, 114.16042676550659
109.57500000000141, 133.89541913480633
109.60000000000143, 152.46826926463126
109.62500000000144, 134.547333502857
109.65000000000141, 137.38766306247925
109.67500000000143, 135.25353636243028
109.70000000000141, 150.68004110390234
109.72500000000143, 112.47813926508178
109.75000000000144, 132.62256666229558
109.77500000000141, 120.15922753279548
109.80000000000143, 134.16170779186325
109.82500000000142, 135.61694084274185
109.85000000000143, 128.50726244086434
109.87500000000144, 128.6423630336597
109.90000000000143, 131.2750954254276
109.92500000000143, 132.05855707703253
109.95000000000142, 119.54485775431303
109.97500000000143, 130.78946363773792
110.00000000000144, 124.08370299292685
110.02500000000143, 137.54336096424998
110.05000000000143, 133.09485585939598
110.07500000000142, 129.61505112269595
110.10000000000143, 133.95921911007008
110.12500000000144, 130.98382834047118
110.15000000000143, 124.5584076666002
110.17500000000143, 129.56664358063836
110.20000000000142, 120.90317978403581
110.22500000000143, 147.47395758021662
110.25000000000144, 113.20746995121856
110.27500000000143, 134.0850791078501
110.30000000000143, 133.1993350883676
110.32500000000142, 119.84127856205812
110.35000000000143, 158.58427271241482
110.37500000000144, 130.26835831198977
110.40000000000143, 117.76304888211625
110.42500000000143, 128.54008076581675
110.45000000000142, 122.36964535365523
110.47500000000143, 128.44078313325372
110.50000000000144, 132.7825043573187
110.52500000000143, 113.61615085749506
110.55000000000143, 121.47159322908692
110.57500000000142, 141.14855023890527
110.60000000000143, 142.64864824032836
110.62500000000144, 134.14153685704397
110.65000000000143, 117.96986542861896
110.67500000000143, 124.65793548357674
110.70000000000142, 135.85876196990372
110.72500000000143, 109.18380689387372
110.75000000000144, 135.955960099411
110.77500000000143, 129.0498256537427
110.80000000000143, 124.95274277093957
110.82500000000142, 119.98679672958079
110.85000000000143, 134.5316869899297
110.87500000000144, 153.17626819311
110.90000000000143, 156.80607333131314
110.92500000000143, 113.58712422828955
110.95000000000142, 137.76466322496492
110.97500000000143, 112.32010307257646
111.00000000000144, 134.7218323837248
111.02500000000143, 119.96652225383164
111.05000000000143, 116.83441014649013
111.07500000000142, 120.15901626900259
111.10000000000143, 95.07865506423063
111.12500000000144, 107.46436363588364
111.15000000000143, 88.17888388015422
111.17500000000143, 106.13566903369093
111.20000000000142, 120.90395306438015
111.22500000000143, 132.627505253346
111.25000000000144, 153.84581362858503
111.27500000000143, 167.3702892101482
111.30000000000143, 167.32676607063382
111.32500000000142, 146.45907045305316
111.35000000000143, 157.43162022291602
111.37500000000144, 139.37296954095768
111.40000000000143, 113.20924747353644
111.42500000000143, 120.87537186568514
111.45000000000142, 110.09366745954816
111.47500000000143, 127.30684115290336
111.50000000000144, 93.72629626777737
111.52500000000143, 136.44191975781493
111.55000000000143, 109.90856655169856
111.57500000000142, 118.55180553186938
111.60000000000143, 124.03037717553511
111.62500000000144, 107.25895229597032
111.65000000000143, 163.68656221989082
111.67500000000143, 108.63452130508259
111.70000000000142, 142.597426171603
111.72500000000143, 160.52701824522296
111.75000000000144, 123.54571544370194
111.77500000000143, 131.43706318726765
111.80000000000143, 134.2872761423282
111.82500000000142, 144.19571849393492
111.85000000000143, 106.15788555683962
111.87500000000144, 130.90122674578078
111.90000000000146, 97.776660166943
111.92500000000143, 117.08239280652104
111.95000000000142, 128.29740477292768
111.97500000000143, 129.58211810227
112.00000000000144, 120.80715276383533
112.02500000000146, 125.74617400261624
112.05000000000143, 131.80017423339052
112.07500000000142, 155.3029290411908
112.10000000000143, 134.25438265050084
112.12500000000144, 117.07504935192576
112.15000000000146, 119.11353750430636
112.17500000000143, 112.84695420451295
112.20000000000142, 109.65749095291807
112.22500000000143, 129.5447131342263
112.25000000000144, 123.73702682850002
112.27500000000146, 140.65027602089668
112.30000000000143, 141.31551294310208
112.32500000000142, 141.869473413714
112.35000000000143, 117.77133831268502
112.37500000000144, 121.77366279802821
112.40000000000146, 138.80999826879767
112.42500000000143, 114.89706566236663
112.45000000000142, 123.0734793423425
112.47500000000143, 128.36602021901462
112.50000000000144, 139.76929282757158
112.52500000000146, 113.22367727870383
112.55000000000143, 109.58110209191985
112.57500000000142, 117.61010370776633
112.60000000000143, 100.24767220004088
112.62500000000144, 123.2517463313136
112.65000000000146, 115.598223920676
112.67500000000143, 134.28723940233456
112.70000000000148, 127.25338626856397
112.72500000000143, 156.47245723331596
112.75000000000144, 142.09486877218427
112.77500000000146, 125.51889250088138
112.80000000000143, 140.93105943775691
112.82500000000148, 122.66690449345509
112.85000000000143, 135.9765865722649
112.87500000000144, 111.0190036751683
112.90000000000146, 122.88615434106933
112.92500000000143, 106.61102516241533
112.95000000000148, 142.16391458830148
112.97500000000143, 117.436318148889
113.00000000000144, 93.19675313836345
113.02500000000148, 147.9965083520645
113.05000000000143, 122.03826990891542
113.07500000000148, 109.13415224839727
113.10000000000149, 147.00927609168502
113.12500000000144, 115.10731213875349
113.15000000000148, 126.4655453271553
113.17500000000143, 125.94157919391438
113.20000000000148, 117.42963072610763
113.22500000000149, 128.31526621842465
113.25000000000144, 125.71221670218779
113.27500000000148, 116.42822200186328
113.30000000000143, 136.68402973208816
113.32500000000148, 109.05925946269673
113.35000000000149, 130.5501791291784
113.37500000000144, 136.4975244251173
113.40000000000148, 107.60209891661117
113.42500000000149, 142.6009966983494
113.45000000000148, 118.99430541395873
113.47500000000149, 119.37466080897619
113.50000000000149, 111.5001836933638
113.52500000000148, 127.8171042431265
113.55000000000149, 140.25656056581195
113.57500000000148, 99.97239760539603
113.60000000000149, 129.19579456879637
113.62500000000149, 125.86166185901209
113.65000000000148, 105.26048280767588
113.67500000000149, 158.45259189325006
113.70000000000148, 110.1131452313104
113.72500000000149, 130.2870663967924
113.75000000000149, 103.72377671545334
113.77500000000148, 125.75167824978976
113.80000000000149, 130.22143342337102
113.82500000000148, 118.92680170799865
113.85000000000149, 131.0748129214178
113.87500000000149, 128.37607642515331
113.90000000000148, 121.92560483957463
113.92500000000149, 117.03528733262043
113.95000000000148, 132.87372740775558
113.97500000000149, 137.01446104775573
114.00000000000149, 129.18717669243802
114.02500000000148, 122.15442843590863
114.05000000000149, 115.31895259834042
114.07500000000148, 109.42515433465881
114.10000000000149, 113.69280854729007
114.12500000000149, 133.03616309364247
114.15000000000148, 107.05724280214054
114.17500000000149, 110.38290507893431
114.20000000000148, 124.9380429717135
114.22500000000149, 101.0446457546636
114.25000000000149, 114.0533460426795
114.27500000000148, 121.72757584957449
114.30000000000149, 124.81777732116218
114.32500000000148, 157.2226119911894
114.35000000000149, 135.57399479277137
114.37500000000149, 120.74635659869965
114.40000000000148, 131.03920700039367
114.42500000000149, 129.12019797497607
114.45000000000148, 127.89479776369676
114.47500000000149, 113.39458592143028
114.50000000000149, 116.70570193175604
114.52500000000148, 115.93028379054378
114.55000000000149, 134.1687384489996
114.57500000000148, 118.49983264085745
114.60000000000149, 117.84631079489073
114.62500000000149, 111.48219986717305
114.65000000000148, 122.89328395887
114.67500000000149, 130.61747980921513
114.70000000000151, 116.80900664666927
114.72500000000149, 114.2168417570459
114.75000000000149, 134.21550422866204
114.77500000000148, 113.70428225036083
114.80000000000149, 122.09372954473605
114.82500000000151, 120.35267997687227
114.85000000000149, 130.01560807492854
114.87500000000149, 110.85785544593988
114.90000000000148, 111.63171732528619
114.92500000000149, 117.16972597315043
114.95000000000151, 112.91915988384228
114.97500000000149, 137.96985146641745
115.00000000000149, 150.32951749543054
115.02500000000151, 115.01553780990825
115.05000000000149, 125.06059734744008
115.07500000000151, 128.5073562796971
115.1000000000015, 115.40623686361113
115.12500000000149, 111.81344375332984
115.15000000000151, 121.77324292187713
115.17500000000149, 119.92823265050428
115.20000000000151, 102.66925728788803
115.2250000000015, 136.40998313941282
115.25000000000149, 109.76462078183587
115.27500000000151, 116.84221254184223
115.30000000000149, 131.5014810252364
115.32500000000151, 128.11930830239655
115.3500000000015, 96.19551973110217
115.37500000000149, 123.878717149278
115.40000000000151, 125.47872395111187
115.4250000000015, 132.148684795405
115.45000000000151, 119.68466112761588
115.4750000000015, 105.31327581414904
115.5000000000015, 123.18690361019782
115.52500000000151, 137.11889128805262
115.5500000000015, 115.91902697484613
115.57500000000151, 101.38379351991134
115.6000000000015, 119.29729100912388
115.6250000000015, 103.28761818581214
115.65000000000151, 98.05218935351863
115.6750000000015, 158.89698811304248
115.70000000000151, 132.76651410890645
115.7250000000015, 110.43462252205521
115.7500000000015, 139.89775067332067
115.77500000000151, 122.36811485652785
115.8000000000015, 89.93932192360813
115.82500000000151, 106.33256944693136
115.8500000000015, 129.44481395487986
115.8750000000015, 110.53672420302107
115.90000000000151, 123.64588174756867
115.9250000000015, 135.0958218819904
115.95000000000151, 118.7757032730697
115.9750000000015, 122.5931175426853
116.0000000000015, 95.28365216092014
116.02500000000151, 114.53944466234617
116.0500000000015, 104.3002089543321
116.07500000000151, 101.94955026152851
116.1000000000015, 110.0370944097395
116.1250000000015, 120.4272819119879
116.15000000000151, 126.65026693494687
116.1750000000015, 149.28737073323538
116.20000000000151, 153.90193212513813
116.2250000000015, 133.56233304536255
116.2500000000015, 104.82994071719341
116.27500000000151, 117.55726870821235
116.3000000000015, 115.7020516018921
116.32500000000151, 100.15480096547483
116.3500000000015, 129.4901366561183
116.3750000000015, 99.63656498613435
116.40000000000151, 104.83925301091026
116.4250000000015, 123.74413123961148
116.45000000000151, 94.8901774801983
116.4750000000015, 130.67247455879482
116.5000000000015, 113.35273004879619
116.52500000000151, 109.88711698732024
116.5500000000015, 124.07921337870641
116.57500000000151, 128.3971321402885
116.6000000000015, 138.40194521014226
116.6250000000015, 111.20149035266019
116.65000000000151, 106.10790883807829
116.6750000000015, 133.00392696887303
116.70000000000151, 123.47730436369741
116.7250000000015, 118.39275203295087
116.7500000000015, 109.12833162406429
116.77500000000151, 118.82465723039574
116.8000000000015, 114.48216032179973
116.82500000000151, 142.94990705600185
116.8500000000015, 96.77884263791168
116.8750000000015, 111.64470074882371
116.90000000000151, 110.53976363265727
116.9250000000015, 130.0847814842182
116.95000000000151, 104.265844930421
116.9750000000015, 128.4673229371828
117.0000000000015, 96.39378706272606
117.02500000000151, 142.21820737403752
117.0500000000015, 94.37171145294309
117.07500000000151, 102.97690732945804
117.1000000000015, 144.6429323486676
117.1250000000015, 133.31823814874613
117.15000000000151, 109.17317746116882
117.1750000000015, 108.76311237699318
117.20000000000151, 96.18280129685641
117.2250000000015, 123.79277737352108
117.2500000000015, 127.94529890826223
117.27500000000151, 100.83933368523422
117.3000000000015, 91.49010106377577
117.32500000000151, 120.7570961450752
117.3500000000015, 134.3890912734984
117.3750000000015, 118.07316934483887
117.40000000000151, 114.49346067641528
117.4250000000015, 133.40500276360345
117.45000000000151, 124.67126845589627
117.4750000000015, 120.02678122448194
117.5000000000015, 85.51080209636945
117.52500000000151, 127.53778142209086
117.5500000000015, 84.55166122143447
117.57500000000151, 142.1499993775945
117.6000000000015, 94.98397327968405
117.6250000000015, 154.60161996990587
117.65000000000151, 78.39172131155505
117.6750000000015, 122.54046792025446
117.70000000000151, 114.1818225930258
117.7250000000015, 94.43076198088698
117.7500000000015, 119.213233406483
117.77500000000151, 120.39531033437495
117.8000000000015, 116.04105088599175
117.82500000000157, 111.17596476882116
117.8500000000015, 102.08735240275098
117.8750000000015, 134.47961978380414
117.90000000000154, 121.55279830528585
117.9250000000015, 115.52961616256727
117.95000000000157, 131.1835609289638
117.9750000000015, 94.03878889861451
118.0000000000015, 99.98924345762399
118.02500000000154, 109.16060224595424
118.0500000000015, 129.24379339875122
118.07500000000157, 131.34037159934513
118.1000000000015, 117.78297665437893
118.1250000000015, 87.22651122838573
118.15000000000154, 140.21931287231328
118.1750000000015, 104.65792994922563
118.20000000000157, 106.63926967734653
118.22500000000154, 95.32570216140402
118.2500000000015, 94.60277914001864
118.27500000000154, 94.11784444507572
118.30000000000156, 109.86880702133132
118.32500000000157, 123.9890403074221
118.35000000000154, 131.54663844162346
118.3750000000015, 132.99002653755053
118.40000000000154, 126.3834098773174
118.42500000000156, 112.62062135771356
118.45000000000157, 103.63264031032102
118.47500000000154, 127.55024995210485
118.5000000000015, 122.79249117721292
118.52500000000154, 104.07696023891796
118.55000000000156, 98.37047976159771
118.57500000000157, 104.80985297940555
118.60000000000154, 141.62126310577452
118.62500000000156, 110.0575124317101
118.65000000000154, 96.35524634763232
118.67500000000156, 104.56730585678874
118.70000000000157, 120.47544010519532
118.72500000000154, 105.10602635238524
118.75000000000156, 117.40451476832865
118.77500000000154, 112.42159722303407
118.80000000000156, 110.98104457791482
118.82500000000157, 111.49565078141802
118.85000000000154, 114.01582094887198
118.87500000000156, 104.68109054250809
118.90000000000154, 126.78597882298257
118.92500000000156, 94.8325245328212
118.95000000000157, 96.12783243993896
118.97500000000154, 128.64148235914757
119.00000000000156, 112.8538700859679
119.02500000000157, 118.53465987792303
119.05000000000156, 117.50735608580558
119.07500000000157, 137.69487078614
119.10000000000156, 97.08256353769104
119.12500000000156, 115.68983614489431
119.15000000000157, 126.55481751001903
119.17500000000156, 100.73020701744392
119.20000000000157, 90.28754689707398
119.22500000000156, 128.32677368711254
119.25000000000156, 122.98657834505075
119.27500000000157, 114.44882283335504
119.30000000000156, 107.92854518366576
119.32500000000157, 128.6433000216474
119.35000000000156, 106.76488992563706
119.37500000000156, 98.37058401729492
119.40000000000157, 111.41880291161078
119.42500000000156, 95.76518165486625
119.45000000000157, 105.21312123112291
119.47500000000156, 120.57643163710821
119.50000000000156, 103.73197205550032
119.52500000000157, 121.65103544635369
119.55000000000156, 106.40675355370867
119.57500000000157, 97.1562599656751
119.60000000000156, 99.0964343027054
119.62500000000156, 93.39934854452963
119.65000000000157, 128.14836753594392
119.67500000000156, 126.30445322349755
119.70000000000157, 91.71946150433327
119.72500000000156, 111.18535832144988
119.75000000000156, 130.49031371978606
119.77500000000157, 139.4579488250242
119.80000000000156, 100.96354826544035
119.82500000000157, 116.93410979374943
119.85000000000156, 96.3423343011299
119.87500000000156, 109.2018288401389
119.90000000000157, 117.5655753414011
119.92500000000156, 96.5192573608065
119.95000000000157, 101.14133878500107
119.97500000000156, 99.42775518675911
120.00000000000156, 98.37313366040961
120.02500000000157, 114.42572388993942
120.05000000000156, 90.65646723140091
120.07500000000157, 129.74335470693927
120.10000000000156, 115.07969823686477
120.12500000000156, 113.59326742521286
120.15000000000157, 114.81142589399198
120.17500000000156, 87.74300202847434
120.20000000000157, 132.41047418442957
120.22500000000156, 109.74974107476709
120.25000000000156, 121.68195375952149
120.27500000000157, 110.15199659848741
120.30000000000156, 97.1296343507428
120.32500000000157, 128.60189889463726
120.35000000000156, 98.56652508012951
120.37500000000156, 112.02725211118326
120.40000000000157, 110.98954049977657
120.42500000000156, 112.45488307286575
120.45000000000157, 105.41210324781963
120.47500000000156, 117.82192988492207
120.50000000000156, 139.58215186127848
120.52500000000157, 104.44930754384299
120.55000000000156, 103.90819058482634
120.57500000000157, 98.06682903790517
120.60000000000156, 81.80297221237402
120.62500000000158, 117.42844189527023
120.65000000000157, 87.77846663667026
120.67500000000156, 78.89643271015248
120.70000000000158, 93.17684669099827
120.72500000000156, 113.90390115752217
120.75000000000158, 120.98445129831254
120.77500000000157, 141.06577170898873
120.80000000000156, 146.86432213797292
120.82500000000158, 111.97158878365508
120.85000000000156, 108.98102684003595
120.87500000000158, 67.26188965624885
120.90000000000157, 67.1970424407939
120.92500000000156, 81.1844380731111
120.95000000000158, 126.32291036230197
120.97500000000156, 67.0021439534649
121.00000000000158, 122.02806446759365
121.02500000000158, 93.65922348795868
121.05000000000156, 146.21495716675082
121.07500000000158, 145.5802678673776
121.1000000000016, 136.52871571315637
121.12500000000158, 113.08843617660386
121.15000000000158, 82.02138782495302
121.17500000000156, 89.18216236183065
121.20000000000158, 66.41423214744736
121.2250000000016, 98.01915287889184
121.25000000000158, 139.72287704576016
121.27500000000158, 139.63257589089048
121.30000000000156, 122.70949943776219
121.32500000000158, 107.85235014024326
121.3500000000016, 97.89615730126226
121.37500000000158, 68.62439447395067
121.40000000000158, 94.7900333185103
121.4250000000016, 86.1395893311988
121.45000000000158, 87.43320671511489
121.4750000000016, 117.45289925726922
121.5000000000016, 120.99018479730017
121.52500000000158, 123.80546508012543
121.5500000000016, 137.5596964645124
121.57500000000158, 134.7406512884286
121.6000000000016, 113.64147797985851
121.6250000000016, 102.4799429011423
121.65000000000158, 94.73200378096266
121.6750000000016, 65.15718543558529
121.70000000000158, 71.79200842543236
121.7250000000016, 66.1491855167364
121.7500000000016, 69.7006296041506
121.77500000000158, 130.27713179125033
121.8000000000016, 104.23200628301703
121.82500000000161, 120.55496406318866
121.8500000000016, 138.91897841180077
121.8750000000016, 144.02966808923708
121.9000000000016, 113.99145699748328
121.9250000000016, 134.3222084797107
121.95000000000161, 110.39673523624316
121.9750000000016, 113.16611383021586
122.0000000000016, 72.17287716783113
122.0250000000016, 85.97383906611373
122.0500000000016, 78.78477207306094
122.07500000000161, 74.3957603642616
122.1000000000016, 79.31288422606599
122.1250000000016, 134.05241515961154
122.1500000000016, 115.50149883648368
122.1750000000016, 142.23603032673367
122.20000000000161, 116.6662220246352
122.2250000000016, 78.9019714004005
122.2500000000016, 98.31758636866459
122.2750000000016, 74.92694153746743
122.3000000000016, 83.78982575941762
122.32500000000161, 130.68691831487115
122.3500000000016, 123.19963273679002
122.3750000000016, 116.15825400949939
122.4000000000016, 85.26960316637297
122.4250000000016, 108.68284213455024
122.45000000000161, 99.31536605672409
122.4750000000016, 98.8900964735015
122.5000000000016, 97.7545753869365
122.5250000000016, 100.6078681469489
122.5500000000016, 81.24743532946309
122.57500000000161, 95.39546922381086
122.6000000000016, 108.61136341489939
122.6250000000016, 101.26734486906005
122.6500000000016, 93.55969816535313
122.6750000000016, 100.53684080266697
122.70000000000161, 122.13502558616742
122.7250000000016, 102.21673333059127
122.7500000000016, 101.60711720681726
122.7750000000016, 115.1238934869877
122.8000000000016, 110.59775243295877
122.82500000000161, 120.88303460280326
122.8500000000016, 86.86059415068289
122.8750000000016, 90.43567802085494
122.9000000000016, 106.53345866328092
122.9250000000016, 109.09414766749816
122.95000000000161, 86.06888773403017
122.9750000000016, 84.41712377805962
123.0000000000016, 115.10594368419626
123.0250000000016, 116.11189542360995
123.0500000000016, 120.42589461310087
123.07500000000161, 132.06179124425907
123.1000000000016, 101.06853793638683
123.1250000000016, 106.5440729910325
123.1500000000016, 116.64448488971803
123.1750000000016, 88.53789028299306
123.20000000000161, 99.0184787519782
123.2250000000016, 122.8835462852168
123.2500000000016, 75.6547171173435
123.2750000000016, 97.29161700988689
123.3000000000016, 61.276198904217296
123.32500000000161, 92.80850102208532
123.3500000000016, 111.06247068196677
123.3750000000016, 118.83741228936549
123.4000000000016, 116.93507694488164
123.42500000000162, 114.19800153264899
123.45000000000161, 96.49106662245032
123.4750000000016, 99.67480244925108
123.50000000000162, 89.57697789981688
123.5250000000016, 114.96625289706665
123.55000000000162, 90.53233986186368
123.57500000000161, 113.8790935275438
123.6000000000016, 97.53846837512404
123.62500000000162, 113.01296213352921
123.6500000000016, 81.85252424663332
123.67500000000162, 74.7733230698692
123.70000000000161, 77.83873777873623
123.7250000000016, 59.48141868300826
123.75000000000162, 66.31662473109611
123.7750000000016, 62.98380387653992
123.80000000000162, 76.88413639458929
123.82500000000162, 126.29874661414141
123.8500000000016, 60.6351376519097
123.87500000000162, 138.45819634574735
123.90000000000164, 138.38606823414761
123.92500000000162, 138.31387821376052
123.95000000000162, 138.2416262641783
123.9750000000016, 121.40132934111875
124.00000000000162, 93.44773764293262
124.02500000000164, 89.20417636908843
124.05000000000162, 68.99317915498628
124.07500000000162, 126.31949343394353
124.1000000000016, 93.74084526171882
124.12500000000162, 73.77218898114057
124.15000000000164, 87.80961059780608
124.17500000000162, 94.10026643693297
124.20000000000162, 127.77563748611973
124.22500000000164, 71.72900818102539
124.25000000000162, 91.55232840653122
124.27500000000164, 108.05958200216918
124.30000000000165, 103.2181543620863
124.32500000000162, 67.07269964767966
124.35000000000164, 88.2411025025662
124.37500000000162, 113.57163471750442
124.40000000000164, 95.20182107116011
124.42500000000165, 95.16414957097805
124.45000000000162, 112.34482525643807
124.47500000000164, 80.21098413514346
124.50000000000162, 76.8714044506138
124.52500000000164, 126.92991802659407
124.55000000000165, 66.21665953807513
124.57500000000162, 136.41514084434772
124.60000000000164, 93.50522120773832
124.62500000000163, 102.13535022477379
124.65000000000164, 111.1837945000376
124.67500000000165, 87.2833175730031
124.70000000000164, 64.99505308564704
124.72500000000164, 106.24945657907685
124.75000000000163, 80.64213859883921
124.77500000000164, 99.7548462316226
124.80000000000165, 121.01404954061093
124.82500000000164, 97.25559387275663
124.85000000000164, 98.51385233592575
124.87500000000163, 123.64765327138934
124.90000000000164, 86.7769257839214
124.92500000000165, 90.88889096148915
124.95000000000164, 74.98605648377213
124.97500000000164, 104.32949358376413
125.00000000000163, 106.13143546872539
125.02500000000164, 76.17535356673989
125.05000000000165, 109.87843533211998
125.07500000000164, 90.4349062260168
125.10000000000164, 109.54674024820761
125.12500000000163, 108.81194265187239
125.15000000000164, 79.44990825321338
125.17500000000165, 98.59186261543545
125.20000000000164, 84.94955485807674
125.22500000000164, 83.21027946866542
125.25000000000163, 117.04593503453242
125.27500000000164, 72.09695746287508
125.30000000000165, 81.95791899017411
125.32500000000164, 76.16105109822217
125.35000000000164, 103.15865438466682
125.37500000000163, 111.3080341418422
125.40000000000164, 90.86270203008138
125.42500000000165, 119.97217472982993
125.45000000000164, 133.69065407335603
125.47500000000164, 92.99288976498497
125.50000000000163, 81.79410872443674
125.52500000000164, 110.97032052012253
125.55000000000165, 54.07950752807909
125.57500000000164, 54.0031864067617
125.60000000000164, 81.24553947170853
125.62500000000163, 99.38524691424652
125.65000000000164, 84.10009276046998
125.67500000000165, 133.10551634714403
125.70000000000164, 121.49085326499079
125.72500000000164, 90.74415967692295
125.75000000000163, 91.7406792445741
125.77500000000164, 102.27809571008436
125.80000000000165, 100.21244394469335
125.82500000000164, 111.50480086578855
125.85000000000164, 53.25418456539904
125.87500000000163, 71.674554958567
125.90000000000164, 81.98008234999372
125.92500000000165, 93.21033080426702
125.95000000000164, 124.11807989494395
125.97500000000164, 104.23202535888024
126.00000000000163, 85.06770459072035
126.02500000000164, 89.35134429713159
126.05000000000165, 115.02544897950983
126.07500000000164, 82.28320243264017
126.10000000000164, 99.1740918255029
126.12500000000163, 90.17443976924943
126.15000000000164, 71.02908590419102
126.17500000000165, 52.15244973117473
126.20000000000164, 103.85558984070843
126.22500000000166, 87.42524309358703
126.25000000000163, 118.23897005815704
126.27500000000164, 116.23289996449068
126.30000000000166, 109.56657464422574
126.32500000000164, 104.68955424405803
126.35000000000166, 82.29244290286096
126.37500000000163, 109.22569419136221
126.40000000000164, 120.42823597797906
126.42500000000166, 87.84380157493291
126.45000000000164, 79.1129157443549
126.47500000000166, 62.3398262839504
126.50000000000163, 74.79179722942496
126.52500000000164, 72.94133834424906
126.55000000000166, 73.34191025838197
126.57500000000164, 87.37656503741835
126.60000000000166, 110.71766806523556
126.62500000000166, 128.63426048051628
126.65000000000164, 121.72887680657004
126.67500000000166, 119.86607257007802
126.70000000000168, 85.92380353794692
126.72500000000166, 50.423682466373236
126.75000000000166, 89.97399396859737
126.77500000000164, 50.26498391512905
126.80000000000166, 105.4595515494803
126.82500000000168, 114.94024308365988
126.85000000000166, 87.10861500246659
126.87500000000166, 72.50470584742419
126.90000000000164, 112.93753590346998
126.92500000000166, 98.21501282121869
126.95000000000168, 112.53659480282997
126.97500000000166, 90.41511590639232
127.00000000000166, 106.89759079913145
127.02500000000168, 70.96705975081323
127.05000000000166, 90.1398697571367
127.07500000000168, 72.22515735326658
127.10000000000169, 90.6346219719909
127.12500000000166, 74.7414521020026
127.15000000000168, 92.42650942475962
127.17500000000166, 112.53511049804354
127.20000000000168, 116.60532875641422
127.22500000000169, 84.22223354933692
127.25000000000166, 90.2964470506044
127.27500000000168, 92.54586226526624
127.30000000000166, 48.58310017468915
127.32500000000168, 95.85113833293082
127.35000000000169, 120.84963698488298
127.37500000000166, 62.73441159875705
127.40000000000168, 76.57991272261586
127.42500000000167, 68.45080364847871
127.45000000000168, 59.670520489896376
127.47500000000169, 59.399129825530906
127.50000000000168, 56.079089433356216
127.52500000000168, 47.853571509620906
127.55000000000167, 86.95162792681629
127.57500000000168, 93.56488673978981
127.60000000000169, 111.26636825739428
127.62500000000168, 69.91492622516199
127.65000000000168, 126.85425577421262
127.67500000000167, 126.77254832090551
127.70000000000168, 126.69077587728009
127.72500000000169, 87.06999742156984
127.75000000000168, 111.52229185184692
127.77500000000168, 100.8111802507803
127.80000000000167, 75.81849437245853
127.82500000000168, 81.45486881733834
127.85000000000169, 106.6579186291338
127.87500000000168, 67.38883163478829
127.90000000000168, 84.62804129104646
127.92500000000167, 93.3706135384414
127.95000000000168, 99.62181070124183
127.97500000000169, 80.3930801856481
128.00000000000168, 79.69848309082221
128.02500000000168, 55.5485467362879
128.05000000000166, 71.89712408931524
128.0750000000017, 75.54036443730249
128.10000000000167, 97.52368923317587
128.12500000000168, 102.56240406120668
128.15000000000168, 81.31367910304223
128.17500000000166, 87.04280052905139
128.2000000000017, 91.55722554964731
128.22500000000167, 96.14514719703118
128.25000000000168, 82.7929170640221
128.27500000000168, 73.23743133703567
128.3000000000017, 109.7949668070998
128.3250000000017, 97.05660386695882
128.35000000000167, 104.58623149432532
128.37500000000168, 94.65457655634432
128.40000000000168, 69.32022555745687
128.4250000000017, 56.61271540447083
128.4500000000017, 56.561001547434586
128.47500000000167, 45.19154570465227
128.50000000000168, 58.530087232182666
128.52500000000168, 44.5474447115771
128.5500000000017, 82.45087278590887
128.5750000000017, 66.11267507473718
128.60000000000167, 78.64716965716826
128.6250000000017, 47.12315289957752
128.65000000000168, 88.61695575025516
128.6750000000017, 72.20424173971384
128.7000000000017, 95.95028518389813
128.72500000000167, 98.90286906637954
128.7500000000017, 123.1973767110261
128.77500000000168, 123.11279037824028
128.8000000000017, 123.02813815720691
128.8250000000017, 103.32554261525581
128.85000000000167, 122.85863596876771
128.8750000000017, 122.77378596054677
128.90000000000168, 62.125998685258594
128.9250000000017, 100.13595931541391
128.9500000000017, 65.69740037484922
128.97500000000167, 79.74038023026816
129.0000000000017, 62.148718938509546
129.02500000000168, 42.85505243891407
129.0500000000017, 56.46343569323011
129.0750000000017, 42.68436187434338
129.1000000000017, 42.598917402555685
129.1250000000017, 75.26982497419152
129.15000000000168, 55.584133195968604
129.1750000000017, 102.13761113063032
129.2000000000017, 77.73841585917774
129.2250000000017, 93.1921318242704
129.2500000000017, 94.3121116486713
129.27500000000168, 76.94568832488471
129.3000000000017, 69.0138061082157
129.3250000000017, 76.55966284883084
129.3500000000017, 88.79962356564943
129.3750000000017, 75.16460831303971
129.40000000000168, 61.31687859380111
129.42500000000172, 90.12754064498733
129.4500000000017, 96.60570748247699
129.4750000000017, 104.78110252969634
129.5000000000017, 41.22279509476169
129.52500000000168, 86.55170687191224
129.55000000000172, 91.99109722805792
129.5750000000017, 40.96288000053244
129.6000000000017, 91.79445757679395
129.6250000000017, 113.4314818960757
129.65000000000168, 75.29771019700536
129.67500000000172, 92.12720878722894
129.7000000000017, 119.93660446959348
129.7250000000017, 87.81966492711138
129.7500000000017, 82.0474326043904
129.77500000000168, 94.21898770515344
129.80000000000172, 71.23127718485728
129.8250000000017, 64.37799158967943
129.8500000000017, 87.12890451432133
129.8750000000017, 84.72624577535481
129.9000000000017, 85.69343333438718
129.92500000000172, 66.85195355868979
129.9500000000017, 94.13028792782575
129.9750000000017, 76.41546693363102
130.0000000000017, 62.509319054433945
130.0250000000017, 62.03460218097433
130.05000000000172, 98.3701803038806
130.0750000000017, 81.12394579907146
130.1000000000017, 72.85590446655334
130.1250000000017, 39.03850157918811
130.1500000000017, 52.17560751556596
130.17500000000172, 83.00896544402144
130.2000000000017, 118.18182644286708
130.22500000000173, 87.82138244625236
130.2500000000017, 87.12148187921707
130.2750000000017, 59.09113391245313
130.30000000000172, 103.90210865658747
130.3250000000017, 94.1645236091868
130.35000000000173, 76.16722062820821
130.3750000000017, 97.9336854362432
130.4000000000017, 93.19324547101183
130.42500000000172, 70.33444358481324
130.4500000000017, 59.26227315808012
130.47500000000173, 42.9613941128307
130.5000000000017, 85.74177433884353
130.5250000000017, 100.61738062219462
130.55000000000172, 100.38676978373513
130.5750000000017, 58.344007924080984
130.60000000000173, 56.991178796984116
130.6250000000017, 56.347202429381014
130.6500000000017, 98.92388023885366
130.67500000000172, 100.60113111669992
130.70000000000172, 89.54853813170129
130.72500000000173, 64.22163606321675
130.7500000000017, 90.35935648156362
130.7750000000017, 71.82876059697367
130.80000000000172, 55.24193234728426
130.82500000000172, 81.5983947479065
130.85000000000173, 85.33679483422225
130.8750000000017, 70.73051056283873
130.9000000000017, 82.21384236338915
130.92500000000172, 63.453909221372385
130.95000000000172, 85.22700738522508
130.97500000000173, 57.627760591117436
131.0000000000017, 85.0223756208782
131.02500000000174, 77.40475484634686
131.05000000000172, 65.40380308880773
131.07500000000172, 75.76862282286461
131.10000000000173, 72.32681186396061
131.1250000000017, 83.14137306278698
131.15000000000174, 71.44333888920025
131.17500000000172, 86.82136034048074
131.20000000000172, 85.06800657850113
131.22500000000173, 65.90329279478598
131.2500000000017, 66.40687737990356
131.27500000000174, 73.29119161875312
131.30000000000172, 65.8541659626103
131.32500000000172, 100.53522953240926
131.35000000000173, 39.259623868592115
131.3750000000017, 68.35926040473146
131.40000000000174, 93.19260264847085
131.42500000000172, 83.67223663784162
131.45000000000172, 90.63859603018429
131.47500000000173, 69.01885251002221
131.5000000000017, 73.80777307350672
131.52500000000174, 59.036823486075576
131.55000000000172, 101.75358968582151
131.57500000000172, 100.01056063212008
131.60000000000173, 70.86020737205357
131.6250000000017, 88.3537609055974
131.65000000000174, 71.54190622112506
131.67500000000172, 83.47622056913414
131.70000000000172, 79.2105193685033
131.72500000000173, 72.80137285549876
131.7500000000017, 87.30542303882231
131.77500000000174, 71.74824762271115
131.80000000000172, 61.98104064229233
131.82500000000178, 69.75523689406978
131.85000000000173, 60.778317421147364
131.8750000000017, 91.07023039514937
131.90000000000174, 74.7607077237466
131.92500000000172, 47.97078375291224
131.95000000000178, 51.88409374905788
131.97500000000173, 52.666225637391705
132.0000000000017, 66.28732481026728
132.02500000000174, 85.67652669811113
132.05000000000172, 58.76107958830639
132.07500000000178, 69.4689638991504
132.10000000000173, 44.72716863124384
132.1250000000017, 79.4589143440063
132.15000000000174, 66.58078849256711
132.17500000000172, 90.00098250999613
132.20000000000178, 77.62042306849256
132.22500000000173, 75.3396779218078
132.2500000000017, 93.0761759270759
132.27500000000174, 93.7981993884988
132.30000000000177, 76.58280132558122
132.32500000000178, 108.7002870462295
132.35000000000173, 106.71098902597163
132.3750000000017, 99.525049519133
132.40000000000174, 50.33621353466157
132.42500000000177, 68.35085766403233
132.45000000000178, 50.35869150378659
132.47500000000173, 67.37813648157845
132.5000000000017, 49.63562606509731
132.52500000000174, 58.895215968388925
132.55000000000177, 59.893293863855774
132.57500000000178, 51.63069543578138
132.60000000000173, 53.45617424260146
132.62500000000176, 79.01261838654705
132.65000000000174, 44.13732852096496
132.67500000000177, 35.77010650005346
132.70000000000178, 82.88699243659332
132.72500000000173, 60.46080731673763
132.75000000000176, 82.44856578704531
132.77500000000174, 64.8119890579841
132.80000000000177, 108.62094834827519
132.82500000000178, 44.0382475908977
132.85000000000173, 72.10349733213673
132.87500000000176, 64.85467601695592
132.90000000000174, 76.32698250446379
132.92500000000177, 58.42644003816926
132.95000000000178, 70.04601804707914
132.97500000000173, 72.69580772953557
133.00000000000176, 75.1693241188201
133.02500000000174, 69.29598582355109
133.05000000000177, 58.00138663361639
133.07500000000178, 56.80615363444397
133.10000000000178, 58.57875699886162
133.12500000000176, 102.66054269204997
133.15000000000174, 73.10840294075444
133.17500000000177, 79.58017635498072
133.20000000000178, 87.88084153600212
133.22500000000178, 56.25236619010823
133.25000000000176, 53.043239856016584
133.27500000000174, 80.60020035068206
133.30000000000177, 53.23767947345951
133.32500000000178, 38.23382948119385
133.35000000000178, 61.83817777684146
133.37500000000176, 56.28319659252227
133.40000000000174, 50.793245505381606
133.42500000000177, 26.803736669171258
133.45000000000178, 35.85879088183205
133.47500000000178, 26.783501094578895
133.50000000000176, 45.47682231057877
133.52500000000174, 54.98932269049794
133.55000000000177, 45.29706273740726
133.57500000000178, 103.30578182281789
133.60000000000178, 96.86574776692822
133.62500000000176, 105.43193245897618
133.65000000000174, 105.33411191030297
133.67500000000177, 85.97632888329471
133.70000000000178, 83.87752283105095
133.72500000000178, 95.45764256141308
133.75000000000176, 88.60891674116417
133.77500000000174, 81.2537103465796
133.80000000000177, 52.34238648172527
133.82500000000178, 104.64741063095966
133.85000000000178, 69.7776674719968
133.87500000000176, 62.14268154661738
133.90000000000177, 24.943812941801752
133.92500000000177, 84.35496172938798
133.95000000000178, 53.323968905415654
133.97500000000178, 63.97162897863009
134.00000000000176, 70.39375747784592
134.02500000000177, 62.70660659520823
134.05000000000177, 65.05434006956995
134.07500000000178, 72.6060911515554
134.10000000000178, 58.39774613362118
134.12500000000176, 57.48195800244224
134.15000000000177, 75.35267255575661
134.17500000000177, 60.94807454277873
134.20000000000178, 59.74987649266552
134.22500000000178, 78.45441430620104
134.25000000000176, 29.628295068478053
134.27500000000177, 38.30412995904601
134.30000000000177, 38.96164255074012
134.32500000000178, 84.72471612464358
134.35000000000178, 87.36991562390605
134.37500000000176, 42.692500388045204
134.40000000000177, 83.53211574724659
134.42500000000177, 87.76891859425328
134.45000000000178, 60.315747414433815
134.47500000000178, 78.11027738080992
134.50000000000176, 58.10974950792408
134.52500000000177, 58.28988107449649
134.55000000000177, 67.64815259182285
134.57500000000178, 43.19786296848807
134.60000000000178, 66.55624818059107
134.62500000000176, 55.8560041826903
134.65000000000177, 74.55404093011703
134.67500000000177, 51.76617072504297
134.70000000000178, 56.57306554031737
134.72500000000178, 70.63231804833981
134.75000000000176, 42.855971601396845
134.77500000000177, 85.17528170448668
134.80000000000177, 68.57709700281879
134.82500000000178, 90.8208111500087
134.85000000000178, 88.77792839232455
134.87500000000176, 24.511294862142393
134.90000000000177, 32.35676100088256
134.92500000000177, 56.99221688372751
134.95000000000178, 59.46394466530086
134.97500000000178, 86.1417359838149
135.00000000000176, 29.587905564472464
135.0250000000018, 60.34908619716623
135.05000000000177, 46.70663912663355
135.07500000000178, 46.44199201426062
135.10000000000178, 85.67816677510615
135.12500000000176, 55.84319851358407
135.1500000000018, 44.76775458399362
135.17500000000177, 84.88998978517549
135.20000000000178, 76.51183401521007
135.22500000000178, 74.04324417567767
135.25000000000176, 75.18379058480116
135.2750000000018, 70.01528412248683
135.30000000000177, 24.004601843584226
135.32500000000178, 46.93519298162181
135.35000000000178, 54.79592940494757
135.37500000000176, 56.65771946240659
135.4000000000018, 51.56506796438157
135.42500000000177, 88.46573209618163
135.45000000000178, 45.187874860417026
135.47500000000178, 73.34688355617476
135.5000000000018, 38.75777037856187
135.5250000000018, 60.39751742101288
135.55000000000177, 32.69397743172067
135.57500000000178, 64.29540731062815
135.60000000000178, 86.64917166130795
135.6250000000018, 61.14011613310123
135.6500000000018, 44.45363857010227
135.67500000000177, 34.05580529995319
135.70000000000178, 79.08947358164733
135.72500000000178, 78.25812818049496
135.7500000000018, 41.40136214350281
135.7750000000018, 52.65812434392086
135.80000000000177, 49.454189824219895
135.82500000000178, 48.59574134717019
135.85000000000178, 55.455649540277705
135.8750000000018, 84.10314041379308
135.9000000000018, 35.285902882161
135.92500000000177, 76.18108197036571
135.95000000000178, 83.15630034959526
135.97500000000178, 37.37994338447123
136.0000000000018, 43.296141715907254
136.0250000000018, 53.81659443840579
136.05000000000177, 47.50161942539148
136.07500000000178, 71.88151709090772
136.10000000000178, 52.23678185976195
136.1250000000018, 74.49751741361962
136.1500000000018, 52.7856094495298
136.17500000000177, 60.86335262984244
136.20000000000178, 56.33059383583071
136.22500000000178, 65.99261287703268
136.2500000000018, 53.96413870466978
136.2750000000018, 62.74894857987039
136.3000000000018, 43.55465320040213
136.32500000000178, 72.12439249266367
136.35000000000178, 52.81466656537822
136.3750000000018, 60.04122432648444
136.4000000000018, 70.1069749168816
136.4250000000018, 42.41897692479995
136.45000000000178, 57.0526194727874
136.47500000000178, 55.36221596375833
136.5000000000018, 27.56729467516965
136.5250000000018, 14.205311331330336
136.5500000000018, 54.579639968379354
136.57500000000178, 35.840148672112434
136.60000000000178, 49.85210972032246
136.62500000000182, 84.72999124749566
136.6500000000018, 49.52315688152942
136.6750000000018, 69.22696048338435
136.70000000000178, 65.80176537084094
136.72500000000178, 73.19083756188257
136.75000000000182, 40.331609940337444
136.7750000000018, 40.15994295231411
136.8000000000018, 38.60980325605925
136.82500000000178, 34.610631793213315
136.85000000000178, 66.0834537174469
136.87500000000182, 71.93639160917041
136.9000000000018, 55.061114311141694
136.9250000000018, 91.90789796564957
136.95000000000178, 64.6154832537398
136.97500000000178, 58.773046547001115
137.00000000000182, 20.68175284124726
137.0250000000018, 60.24125198284014
137.0500000000018, 33.38069096122234
137.07500000000178, 39.059586871499135
137.10000000000178, 58.26446509569732
137.12500000000182, 68.00267358520415
137.1500000000018, 61.29437911537653
137.1750000000018, 41.16323025914747
137.20000000000178, 50.62598339601476
137.22500000000178, 54.68136759594239
137.25000000000182, 14.287464235963768
137.2750000000018, 43.24054039935635
137.3000000000018, 51.26497138695922
137.32500000000178, 59.84543892051525
137.35000000000178, 54.918061694166056
137.37500000000182, 64.34017215909435
137.4000000000018, 45.96455215219197
137.42500000000186, 73.51100920286558
137.45000000000178, 22.87996859414892
137.47500000000178, 66.84546023225067
137.50000000000182, 25.931813968394636
137.5250000000018, 63.227004794695006
137.55000000000186, 35.21379999565124
137.57500000000178, 56.49895206713455
137.60000000000178, 62.49058619613817
137.62500000000182, 25.14719745227049
137.6500000000018, 50.83565875806772
137.67500000000186, 49.61438336542409
137.70000000000178, 68.03227107789138
137.72500000000178, 54.12017121531966
137.75000000000182, 71.54301536760983
137.7750000000018, 72.33828230782137
137.80000000000186, 53.68013115210351
137.82500000000178, 50.75465651441476
137.85000000000178, 64.71182417726766
137.87500000000182, 44.657548074100276
137.90000000000182, 57.66340152321476
137.92500000000186, 33.78209310554513
137.95000000000178, 49.06385679577835
137.97500000000178, 34.57274071272363
138.00000000000182, 39.402962689391074
138.02500000000182, 7.713077838338506
138.05000000000186, 34.64923131602558
138.07500000000178, 7.492141297910678
138.10000000000178, 8.688030116806885
138.12500000000182, 7.270910838151337
138.15000000000182, 16.36937248012481
138.17500000000186, 25.69384717134085
138.20000000000178, 38.779506104561506
138.22500000000178, 6.827567507600463
138.25000000000182, 86.12479511090561
138.27500000000182, 86.01370170090718
138.30000000000186, 81.48737184000169
138.32500000000184, 85.7912939312248
138.35000000000178, 85.67997953072614
138.37500000000182, 85.56859142591196
138.40000000000182, 80.29532423238811
138.42500000000186, 85.3455940217084
138.45000000000184, 33.55143260314247
138.47500000000178, 37.50581892045915
138.50000000000182, 57.590525333801054
138.52500000000182, 51.75946367039785
138.55000000000186, 48.95838785304704
138.57500000000184, 24.110815097779607
138.60000000000184, 12.109131231997651
138.62500000000182, 43.811575150817475
138.65000000000182, 33.04623664644271
138.67500000000186, 30.623365300964167
138.70000000000184, 19.35694297203605
138.72500000000184, 32.09548771553739
138.75000000000182, 5.7604387419413
138.77500000000182, 48.388405900101986
138.80000000000186, 14.171437539241651
138.82500000000184, 26.487816034072978
138.85000000000184, 38.91534086622653
138.87500000000182, 43.22011348445051
138.90000000000182, 72.31671636067495
138.92500000000186, 46.200160405453914
138.95000000000184, 43.85534629676522
138.97500000000184, 3.4648651657527125
139.00000000000182, 26.760136012018847
139.02500000000182, 12.040096802301662
139.05000000000186, 17.023275599378167
139.07500000000184, 28.389488557124537
139.10000000000184, 74.50422306533363
139.12500000000185, 68.48971983542089
139.15000000000182, 82.07889149312541
139.17500000000186, 81.96513407507405
139.20000000000184, 54.33064449673708
139.22500000000184, 69.65802271187505
139.25000000000185, 64.27924069102602
139.27500000000182, 51.79212942845572
139.30000000000186, 58.01660978270661
139.32500000000184, 36.98663917191544
139.35000000000184, 64.01461356015324
139.37500000000185, 22.714422225816406
139.40000000000185, 39.710662018697974
139.42500000000186, 36.20501403197886
139.45000000000184, 46.9866927591479
139.47500000000184, 1.1859903658473172
139.50000000000185, 20.758064245984883
139.52500000000185, 34.21928924073683
139.55000000000186, 46.13700266438224
139.57500000000184, 38.36251928014991
139.60000000000184, 29.583801092344004
139.62500000000185, 52.484217338781946
139.65000000000185, 79.78958809274633
139.67500000000186, 62.887904104945505
139.70000000000184, 39.54747640600817
139.72500000000184, 57.5340387154622
139.75000000000185, 47.01000605387185
139.77500000000185, 23.461310479377914
139.80000000000186, 28.045162569339936
139.82500000000184, 44.89730767546547
139.85000000000184, 10.04766166999923
139.87500000000185, 14.032125586611699
139.90000000000185, 72.59763421723659
139.92500000000186, 46.02662155267819
139.95000000000184, 58.112785393837214
139.97500000000184, 62.00987273798387
140.00000000000185, -1.2389561542348702
140.02500000000185, 2.816122714767289
140.05000000000186, 39.59881569800416
140.07500000000184, 38.74336806322384
140.10000000000184, 36.00049334948591
140.12500000000185, 24.037312521229012
140.15000000000185, 35.288782253249735
140.17500000000186, 37.236924134635444
140.20000000000184, 47.77022835705873
140.22500000000184, 37.659908246672046
140.25000000000185, 26.609196506563308
140.27500000000185, 68.35969176391131
140.30000000000186, 28.71701933480699
140.32500000000184, 61.550224796289854
140.35000000000184, 30.781881722347038
140.37500000000185, 55.37515097298052
140.40000000000185, 75.32134683487055
140.42500000000186, 32.62966844254814
140.45000000000184, 62.31952995733394
140.47500000000184, 59.41529655508839
140.50000000000185, 46.9430074522584
140.52500000000185, 52.928661747117644
140.55000000000186, 37.39773704695338
140.57500000000184, 35.37573589675017
140.60000000000184, 15.889673094605627
140.62500000000185, 43.97050169705415
140.65000000000185, 2.6564982084128417
140.67500000000186, 20.99755084030687
140.70000000000184, 23.06007700552138
140.72500000000187, 30.93191052419121
140.75000000000185, 34.725973213231555
140.77500000000185, -4.8791852152473325
140.80000000000186, 34.657305071611006
140.82500000000186, 19.117540687469727
140.85000000000187, 16.01577128147636
140.87500000000185, 29.291145556467086
140.90000000000185, 46.681235561722644
140.92500000000186, 0.48091200418349445
140.95000000000186, 57.81731280416966
140.97500000000187, 38.63738326629067
141.00000000000188, 55.9778439593087
141.02500000000185, 7.699510236814376
141.05000000000186, 63.638710990975994
141.07500000000186, 55.64378957004237
141.10000000000187, 46.58532157676319
141.12500000000188, 31.36026173459544
141.15000000000185, 47.8919375922882
141.17500000000186, 67.12739687237365
141.20000000000186, 22.033435136938664
141.22500000000187, 55.592278965289836
141.25000000000188, 68.79753367095125
141.27500000000185, 68.65070533641241
141.30000000000186, 28.158399831495558
141.32500000000186, 9.330180182881065
141.35000000000187, 30.17700871927073
141.37500000000188, 52.71019028787339
141.40000000000185, 36.94074908145342
141.42500000000186, 22.879200282357573
141.45000000000186, 27.535708654209486
141.47500000000187, 29.9206512932071
141.50000000000188, 6.04561326955789
141.52500000000188, -5.075164954853676
141.55000000000186, 6.577092905004605
141.57500000000186, 16.027925904440337
141.60000000000187, 18.312029939469767
141.62500000000188, -5.5244634976635325
141.65000000000188, 12.577807529563927
141.67500000000186, 22.692343249850467
141.70000000000186, 36.90631629254983
141.72500000000187, 25.313498844646574
141.75000000000188, -6.03474252674755
141.77500000000188, 37.912559403205876
141.80000000000192, 17.566005792513522
141.82500000000186, 20.027532438261687
141.85000000000187, 15.040392957902611
141.87500000000188, 4.6685780314725775
141.90000000000188, 19.927540123632014
141.92500000000192, 42.72422050872399
141.95000000000186, 56.917763476412176
141.97500000000187, 58.347372133663214
142.00000000000188, 65.85555021161446
142.02500000000188, 62.305532000215976
142.05000000000192, 48.590206473472676
142.07500000000186, 68.25923748717395
142.10000000000187, 68.13663938573671
142.12500000000188, 44.82317449917372
142.15000000000188, 67.89121286614022
142.17500000000192, 52.71533670067197
142.20000000000186, 17.17986797485878
142.22500000000187, 35.338701959118794
142.25000000000188, 26.206928105135773
142.27500000000188, 26.800607431789388
142.30000000000192, 33.13564995647397
142.32500000000192, 16.226926052994656
142.35000000000187, 14.087557640944283
142.37500000000188, 24.72841417749771
142.40000000000188, 16.157914483212267
142.42500000000192, 32.38230762096617
142.45000000000192, -8.59332316491492
142.47500000000187, 5.236976898877003
142.50000000000188, -1.1165521539307974
142.52500000000188, 19.365745569185435
142.55000000000192, 11.72017644975341
142.57500000000192, 18.008598912480238
142.6000000000019, 6.325435210830733
142.62500000000188, 10.781427846717179
142.65000000000188, 13.977103445662692
142.67500000000192, 20.77327647499925
142.70000000000192, 20.57215835679898
142.7250000000019, 35.00459445961093
142.75000000000188, 29.02553566201027
142.77500000000188, 58.67312879746703
142.80000000000192, 19.98719227803349
142.82500000000192, 53.097462749903
142.8500000000019, 59.155678273099284
142.87500000000188, 9.044129507264245
142.90000000000188, 6.691221083859375
142.92500000000192, 12.07654646692481
142.95000000000192, 36.22100732473024
142.9750000000019, 46.172554440656256
143.00000000000188, 22.989424686445034
143.02500000000188, 33.72343296065998
143.05000000000192, 57.407193395175796
143.07500000000192, 19.049149430506816
143.1000000000019, 17.637847201259035
143.1250000000019, 43.152880975828964
143.15000000000188, -15.427276162089129
143.17500000000192, 23.668803294178588
143.20000000000192, 37.45274924562307
143.2250000000019, 2.6897984536175272
143.2500000000019, 38.88262858456335
143.27500000000188, 19.202454695051017
143.30000000000192, 26.86339649361713
143.32500000000192, 7.9005705141600515
143.3500000000019, -17.499813996374883
143.3750000000019, 18.772079160070746
143.4000000000019, 25.194360241271966
143.42500000000192, -2.0644953536975095
143.45000000000192, 30.183185731427386
143.4750000000019, 1.4512872649144697
143.5000000000019, -7.468385443372313
143.5250000000019, -3.696890145221289
143.55000000000192, 20.4480896059801
143.57500000000192, 37.99812557644981
143.6000000000019, 41.28305293458459
143.6250000000019, 41.31250335581001
143.6500000000019, 37.205983516310255
143.67500000000192, 50.39532578001632
143.70000000000192, 52.613790868641786
143.7250000000019, 51.8053467545958
143.7500000000019, 49.04316314657359
143.7750000000019, 29.48147280275873
143.80000000000192, 26.331904544090833
143.82500000000192, 31.827484062949623
143.8500000000019, 5.995426018950468
143.8750000000019, 15.710785942289476
143.9000000000019, 26.510859848320536
143.92500000000192, 4.801986396202949
143.95000000000192, -14.136069708326943
143.9750000000019, -16.317699109167904
144.0000000000019, 22.38766312547773
144.0250000000019, 22.835440054233572
144.05000000000192, 20.886743358227136
144.07500000000192, 8.452742221530173
144.1000000000019, 24.49236146201497
144.1250000000019, 18.00669957729042
144.1500000000019, -19.963644292685558
144.17500000000192, 17.663275445724253
144.20000000000192, 10.015893384268622
144.2250000000019, 8.273779030041794
144.2500000000019, -8.342047964886149
144.2750000000019, -22.2337403633868
144.30000000000192, 17.393539949316903
144.32500000000192, 23.10187869463698
144.3500000000019, 21.45688000484398
144.3750000000019, -7.740963036083542
144.4000000000019, 17.877575346774563
144.42500000000192, 25.900189999182032
144.45000000000192, 32.12792658769166
144.4750000000019, 35.50140681362751
144.5000000000019, 48.822432069857484
144.5250000000019, 46.94083992733255
144.55000000000192, 30.756486556165385
144.57500000000192, 39.21015548507961
144.6000000000019, 53.27250710307624
144.6250000000019, 23.933976872998983
144.6500000000019, 49.19674846103004
144.67500000000192, 25.068909123428682
144.70000000000192, -5.439551648270424
144.7250000000019, 6.6806458070666395
144.7500000000019, 30.436430694458863
144.7750000000019, 31.831378750653585
144.80000000000192, -6.1349032093922915
144.82500000000192, 6.532811782979934
144.8500000000019, -1.174967851343581
144.8750000000019, 36.72719451159173
144.9000000000019, 1.2192710666195126
144.92500000000192, 18.275426796438808
144.95000000000192, 0.8640370063390037
144.9750000000019, 7.94878060765825
145.0000000000019, 2.492199757582
145.0250000000019, 28.46410615268178
145.05000000000192, -26.282742073856355
145.07500000000192, -19.27774762917187
145.1000000000019, -26.54657420688841
145.1250000000019, 19.590855761613795
145.1500000000019, 13.384404741656738
145.17500000000192, -11.744393169850923
145.20000000000192, -27.075189208252652
145.2250000000019, -15.965272197397383
145.2500000000019, 23.71819579218493
145.2750000000019, 16.702682844501055
145.30000000000192, 38.3291361808524
145.32500000000192, 51.67050511835566
145.3500000000019, 51.53775639317149
145.3750000000019, 30.80873718343412
145.4000000000019, 48.54095255489301
145.42500000000192, 25.54068687106411
145.45000000000192, 9.783674218135616
145.4750000000019, 33.30448307778602
145.5000000000019, 30.166803781818658
145.52500000000194, 37.4458636070774
145.55000000000192, 32.21892035914607
145.57500000000192, 21.560363364202487
145.6000000000019, -3.4610004025438457
145.6250000000019, -19.783908866952345
145.65000000000194, 17.643545117840006
145.67500000000192, 6.862316285183681
145.70000000000192, 16.901478607150977
145.7250000000019, 38.77845498080387
145.7500000000019, 1.5005772873300884
145.77500000000194, 14.067680997515936
145.80000000000194, -18.524906442335634
145.82500000000192, -20.283684347382575
145.8500000000019, -30.542170509514904
145.8750000000019, -24.324901474392902
145.90000000000194, -4.61818135791691
145.92500000000194, 16.899425607871535
145.95000000000192, 7.221141563909271
145.9750000000019, -10.66072087724325
146.0000000000019, 20.24566237748627
146.02500000000194, 14.929526776863668
146.05000000000194, -14.628518183983886
146.07500000000192, -6.463137401618269
146.1000000000019, 34.374046271817576
146.1250000000019, -9.181141468394571
146.15000000000194, 13.800560191531133
146.17500000000194, 3.2454400695486356
146.20000000000192, 9.078812393054363
146.2250000000019, -0.7715786352441683
146.2500000000019, -4.369735572825846
146.27500000000194, 33.23470508160841
146.30000000000194, -21.991571914877227
146.32500000000198, 17.926501366098762
146.3500000000019, 5.949729857590228
146.3750000000019, 23.9882732693913
146.40000000000194, 3.864280101395366
146.42500000000194, 11.300172400481586
146.45000000000198, 0.9677117738378911
146.4750000000019, 29.63197629417874
146.5000000000019, 37.41344927934932
146.52500000000194, 22.154934591268557
146.55000000000194, -24.230391847490125
146.57500000000198, 28.24086295982488
146.60000000000196, -18.15240407677254
146.6250000000019, -16.335072147571736
146.65000000000194, -25.647203937989275
146.67500000000194, 8.354915325183299
146.70000000000198, 6.278541761518397
146.72500000000196, 33.20955381047611
146.7500000000019, 30.237631157803946
146.77500000000194, -9.632886351146794
146.80000000000194, 0.2509371979942898
146.82500000000198, 25.01390157352523
146.85000000000196, 43.426762723524064
146.8750000000019, 13.965899885708211
146.90000000000194, -16.50163264012599
146.92500000000194, -17.01051308043867
146.95000000000198, 1.772293232522145
146.97500000000196, 13.87758599536187
147.0000000000019, 7.263843790270414
147.02500000000194, -16.12505854089858
147.05000000000194, -7.8331245266005
147.07500000000198, -15.38347125750738
147.10000000000196, 19.27191689122759
147.12500000000196, 8.141740969236821
147.15000000000194, -26.947879936573315
147.17500000000194, 17.94254236082952
147.20000000000198, -20.299127498994665
147.22500000000196, 13.019891188629856
147.25000000000196, 17.714561833211178
147.27500000000194, 2.0818153606269902
147.30000000000194, -17.780906085937715
147.32500000000198, -27.914012193607732
147.35000000000196, 13.157508053229037
147.37500000000196, -9.116413969768246
147.40000000000197, 3.384841504880683
147.42500000000194, 11.690289511628293
147.45000000000198, 0.22088605822733598
147.47500000000196, 36.8095771994781
147.50000000000196, 36.64780768544841
147.52500000000197, 39.68236418673155
147.55000000000194, -2.6087751032247866
147.57500000000198, -8.517670735489503
147.60000000000196, 29.047730837729887
147.62500000000196, -35.50145448053257
147.65000000000197, -27.033222952540598
147.67500000000194, -14.625165666836608
147.70000000000198, -11.815090599694088
147.72500000000196, -13.136030023277158
147.75000000000196, 13.68438241644975
147.77500000000197, 21.77787846758406
147.80000000000194, 26.55003214036458
147.82500000000198, 33.43576503990039
147.85000000000196, 22.811300011337664
147.87500000000196, -15.02742746533886
147.90000000000197, 19.140149096135076
147.92500000000197, 10.471481997042076
147.95000000000198, -41.92744150810432
147.97500000000196, -16.99358507216016
148.00000000000196, -39.70192004153563
148.02500000000197, -13.063831912043497
148.05000000000197, -42.67909431311824
148.07500000000198, -34.98633335643598
148.10000000000196, -36.774052051877504
148.12500000000196, -28.677201132006246
148.15000000000197, -25.925239758268106
148.17500000000197, -30.765184134652372
148.20000000000198, -30.389103244326293
148.22500000000196, -20.776592477301733
148.25000000000196, 5.582571063917044
148.27500000000197, -35.95913044135915
148.30000000000197, -16.04838689037473
148.32500000000198, -35.8692479036896
148.35000000000196, -1.536216606255607
148.37500000000196, 2.6437416639491857
148.40000000000197, 34.74035984468662
148.42500000000197, 20.833697158587768
148.45000000000198, 12.855869367764797
148.47500000000196, 21.30498082740155
148.50000000000196, 34.16918696313877
148.52500000000197, 34.026188819383265
148.55000000000197, 13.31398765036164
148.57500000000198, 12.796184481883358
148.60000000000196, 33.59670224551212
148.62500000000196, 33.45337593866202
148.65000000000197, 33.30996754001944
148.67500000000197, -14.211706161681661
148.70000000000198, -26.881387966727345
148.72500000000196, -15.969356393657733
148.75000000000196, -29.37447524985373
148.77500000000197, -31.005820528659
148.80000000000197, 16.21441399822305
148.82500000000198, -21.654337214129555
148.85000000000196, -31.576584451435167
148.87500000000196, -4.544058763847545
148.90000000000197, -9.574755467027899
148.92500000000197, -47.681196130504816
148.95000000000198, -9.008183361437545
148.97500000000196, -44.57419066462586
149.000000000002, -2.575467054106298
149.02500000000197, 1.7858204865046332
149.05000000000197, 4.478627440985747
149.07500000000198, 6.917764361329716
149.10000000000196, -4.11706680544637
149.125000000002, -32.106759645495174
149.15000000000197, -11.359928832852631
149.17500000000197, 0.045398693128106515
149.20000000000198, -5.804991743124617
149.22500000000196, -22.905414486112022
149.250000000002, -29.05867918876862
149.27500000000197, -40.97059827921561
149.30000000000197, -7.727834768518505
149.32500000000198, -26.217881261167747
149.35000000000196, -29.549424551492905
149.375000000002, -12.277478276893646
149.40000000000197, -2.651048707949087
149.42500000000197, 14.509754761309694
149.45000000000198, -5.785798534321316
149.47500000000196, -9.346482008472265
149.500000000002, 0.3342861154567345
149.525000000002, 28.238797192162735
149.55000000000197, 10.738855255133444
149.57500000000198, 4.484741544047154
149.60000000000196, 27.369572974418077
149.625000000002, 20.487270412021928
149.650000000002, -1.0776103591764468
149.67500000000197, -6.252174874411594
149.70000000000198, -18.97272629897651
149.72500000000196, -27.180499110830283
149.750000000002, -8.81708739981974
149.775000000002, -9.820397712408635
149.800000000002, -1.1216935369365615
149.82500000000198, -26.644076769303012
149.85000000000196, -32.30238385298276
149.875000000002, -31.004076712101096
149.900000000002, -36.65071575416522
149.925000000002, -27.14101172592865
149.95000000000198, -34.408232219953845
149.97500000000196, -30.849990928003194
150.000000000002, -23.5770445700922
150.025000000002, -0.7187171837017559
150.050000000002, -19.069044452053618
150.07500000000198, -11.160725392331472
150.10000000000196, -5.342595012781544
150.125000000002, 24.702835082152376
150.150000000002, -29.288215634419203
150.175000000002, -16.05093888266572
150.20000000000198, -4.976418933156481
150.22500000000196, -22.939254425489708
150.250000000002, -14.77846291092385
150.275000000002, -16.372849450368278
150.300000000002, -13.709072565179895
150.325000000002, -18.89792161001725
150.35000000000196, -11.128800889287788
150.375000000002, -19.59777949633775
150.400000000002, -17.45387130342351
150.425000000002, -16.78287633624592
150.450000000002, -22.622334604702644
150.47500000000196, -12.991787465610344
150.500000000002, -31.923402222487653
150.525000000002, -31.480433373457288
150.550000000002, -17.752977408668755
150.575000000002, 7.176931040207876
150.600000000002, -52.69500338720405
150.625000000002, -36.19504741732101
150.650000000002, -30.8676594646887
150.675000000002, -54.941085939595325
150.700000000002, -9.472055891919467
150.725000000002, -28.709264247812598
150.750000000002, -31.495136440377905
150.775000000002, -54.3829115996561
150.800000000002, 20.667500425493188
150.825000000002, 16.55620281958454
150.850000000002, -10.384669580153002
150.875000000002, -2.634387724496662
150.900000000002, 4.607386285709708
150.925000000002, 19.913518822707488
150.950000000002, -13.408136471220587
150.975000000002, 9.670982484964554
151.000000000002, -15.064911907977375
151.025000000002, -17.05683033791223
151.050000000002, -20.576029659578694
151.075000000002, -14.804206274240642
151.100000000002, -29.029846553850746
151.12500000000202, -39.913812601439474
151.150000000002, -43.63498685100177
151.175000000002, -34.77651300611228
151.200000000002, -25.059856476093728
151.225000000002, -40.12758621208934
151.25000000000202, -25.447732974040377
151.275000000002, -46.315419446616545
151.300000000002, -28.92868734397888
151.325000000002, -9.417193893525166
151.350000000002, -43.6109156586225
151.37500000000202, -10.088380849301814
151.40000000000202, -24.886800152079672
151.425000000002, -44.410257279488064
151.450000000002, 10.225374560698356
151.475000000002, -31.90457989741526
151.50000000000202, -34.79314693485634
151.52500000000202, 1.4711089042924073
151.550000000002, -9.120186622449182
151.575000000002, -27.009533633231626
151.600000000002, -11.032758202131618
151.62500000000202, -46.61096156506278
151.65000000000202, -51.51192205010989
151.675000000002, -8.785489814880918
151.700000000002, -19.745622900112892
151.725000000002, -51.18443191959733
151.75000000000202, -25.797213585397344
151.77500000000202, -56.27376045404816
151.800000000002, -52.30044371921531
151.825000000002, -53.612617150421386
151.850000000002, -12.064943597927595
151.87500000000202, -46.671011614804
151.90000000000202, -8.589883500328483
151.92500000000203, -19.06920574291604
151.950000000002, -5.375766967463164
151.975000000002, -17.742392235051113
152.00000000000202, -19.34269408330158
152.02500000000202, -25.28931187008527
152.05000000000203, -3.645095279576708
152.075000000002, 10.561909543807985
152.100000000002, 6.324920634848297
152.12500000000202, -20.351658002269232
152.15000000000202, 12.4130117695085
152.17500000000203, 5.0150166189473
152.20000000000203, 12.102551498410946
152.225000000002, 10.758204637312474
152.25000000000202, -28.93051342919938
152.27500000000202, -41.94503586152297
152.30000000000203, -22.22660547416632
152.32500000000203, -41.69105416097767
152.350000000002, -37.21837923844498
152.37500000000202, -17.64492116737557
152.40000000000202, -52.788012283785804
152.42500000000203, -43.52244646562167
152.45000000000203, -18.86122296075598
152.475000000002, -21.95955288631069
152.50000000000202, -48.036801611427165
152.52500000000202, -53.294081726851175
152.55000000000203, -46.880835335953634
152.57500000000203, -48.894552577212835
152.600000000002, -35.38167595532019
152.62500000000202, -56.33067730241055
152.65000000000202, -62.66255871142414
152.67500000000203, -56.22544960117688
152.70000000000203, -26.801375148050568
152.725000000002, -48.135249055562554
152.75000000000202, -66.99124558138175
152.77500000000202, -55.22620549026885
152.80000000000203, -27.851865010757933
152.82500000000203, -26.055376661244793
152.850000000002, -33.169378256216476
152.87500000000202, -7.612540434075527
152.90000000000202, -7.833622734605342
152.92500000000203, 7.562582985669678
152.95000000000203, 7.404751176144998
152.975000000002, 7.2468337443327755
153.00000000000202, 7.0888306698251995
153.02500000000202, -19.884487948991875
153.05000000000203, -1.2452452882060925
153.07500000000203, 3.296472266727278
153.100000000002, 0.6812505553547794
153.12500000000202, -31.687436576396408
153.15000000000202, -24.768611018823663
153.17500000000203, -63.9891846422355
153.20000000000203, -64.03037499192374
153.225000000002, -49.30649651749616
153.25000000000202, -73.90416230374876
153.27500000000202, -70.17035201468121
153.30000000000203, -56.902285894490376
153.32500000000203, -74.38125946005607
153.350000000002, -33.168655165990856
153.37500000000202, -38.17637445070733
153.40000000000202, -18.93464249395845
153.42500000000203, -5.104640415150698
153.45000000000203, -49.406850835240164
153.475000000002, -1.619162841536081
153.50000000000202, -58.56845260213299
153.52500000000202, -43.121220142240134
153.55000000000203, -51.17531880395768
153.57500000000203, -41.65330348574827
153.600000000002, -47.49734569864535
153.62500000000202, -43.66548448562156
153.65000000000202, -67.12895871849724
153.67500000000203, -43.870389325705844
153.70000000000203, -57.882597336538254
153.725000000002, -33.16781983713855
153.75000000000202, -32.73697919648748
153.77500000000202, -50.60840755064345
153.80000000000206, -55.804943688995365
153.82500000000203, -73.34756169951129
153.850000000002, -37.24292531860527
153.87500000000202, -65.46296054931003
153.90000000000202, -33.933509294665896
153.92500000000206, -27.755376238393012
153.95000000000203, -58.593542545514765
153.975000000002, -28.750909303647745
154.00000000000202, -33.93603665430231
154.02500000000202, -62.378892732120846
154.05000000000206, -33.03446641845403
154.07500000000203, -36.465646128930985
154.100000000002, -32.85885598581024
154.12500000000202, -49.48654282593088
154.15000000000202, -21.545541576942412
154.17500000000206, -13.083759534352566
154.20000000000203, -2.8532515220498453
154.225000000002, -7.146612350050134
154.25000000000202, -24.854637979521783
154.27500000000202, -65.95225736731504
154.30000000000206, -73.01745235820204
154.32500000000206, -68.12398644103268
154.350000000002, -43.47693492665536
154.37500000000202, -45.41152183993495
154.40000000000202, -42.273255817803204
154.42500000000206, -61.32424041549706
154.45000000000206, -17.18248545917504
154.475000000002, -27.531779897940623
154.50000000000202, -68.13297056761735
154.52500000000202, -18.526930742139655
154.55000000000206, -45.954721802676374
154.57500000000206, -41.451775560319845
154.6000000000021, -35.94314503023617
154.62500000000202, -24.30838945727089
154.65000000000202, -24.418221170167158
154.67500000000206, -3.6935386116014115
154.70000000000206, -12.405275657045877
154.7250000000021, -36.08952525383961
154.75000000000202, -17.132466943985776
154.77500000000202, -37.475206809846725
154.80000000000206, -24.07017469866281
154.82500000000206, -49.8791058862775
154.8500000000021, -46.87132941566068
154.87500000000202, -35.02237372348577
154.90000000000202, -31.31286059146487
154.92500000000206, -84.74445227507076
154.95000000000206, -45.25517271531788
154.9750000000021, -27.886984359047915
155.00000000000202, -59.61739635449152
155.02500000000202, -56.44327259010697
155.05000000000206, -49.363896482683344
155.07500000000206, -85.73423798770114
155.1000000000021, -40.49818730172302
155.1250000000021, -20.72180932695477
155.15000000000202, -43.059588904930706
155.17500000000206, -49.52037049079382
155.20000000000206, -23.1126434346167
155.2250000000021, -48.84248326265299
155.2500000000021, -75.71124864887287
155.27500000000202, -64.71446413104854
155.30000000000206, -64.8443049658211
155.32500000000206, -60.09753106032639
155.3500000000021, -50.48700556338622
155.3750000000021, -54.049223856965455
155.4000000000021, -56.83683684127078
155.42500000000206, -61.88799113564414
155.45000000000206, -36.17910539703013
155.4750000000021, -27.587903241787558
155.5000000000021, -67.82419421306355
155.5250000000021, -50.25191215869836
155.55000000000206, -45.116864302094484
155.57500000000206, -44.412272372723294
155.6000000000021, -54.8908638552237
155.6250000000021, -89.39039172265831
155.6500000000021, -42.66670704762828
155.67500000000206, -32.43562795045216
155.70000000000206, -63.57348494531175
155.7250000000021, -40.07432893168078
155.7500000000021, -24.898465947713134
155.7750000000021, -33.997576843302966
155.80000000000206, -35.32689491922963
155.82500000000206, -83.84978323272571
155.8500000000021, -42.53890697028993
155.8750000000021, -18.376261967481696
155.9000000000021, -37.353136758748235
155.9250000000021, -50.47039713020797
155.95000000000206, -37.73878923174561
155.9750000000021, -46.17743309559489
156.0000000000021, -38.80477383549112
156.0250000000021, -30.608924048828897
156.0500000000021, -38.48453324392386
156.07500000000206, -57.18039329757897
156.1000000000021, -52.418793627521325
156.1250000000021, -80.18301437781122
156.1500000000021, -59.74227652726819
156.1750000000021, -64.36956051878502
156.2000000000021, -53.19264559968394
156.2250000000021, -53.23021172222656
156.2500000000021, -62.441976593768345
156.2750000000021, -65.74084629798347
156.3000000000021, -58.018116308277115
156.3250000000021, -44.226768349921656
156.3500000000021, -34.42335267419094
156.3750000000021, -53.69410348715547
156.4000000000021, -28.089774736839388
156.4250000000021, -80.62824651237236
156.4500000000021, -47.316136677961595
156.4750000000021, -61.16184346795603
156.5000000000021, -71.18068065414997
156.5250000000021, -54.39645300493146
156.5500000000021, -46.84067677746316
156.5750000000021, -31.547138602148493
156.6000000000021, -77.53615522807507
156.6250000000021, -65.7833363372693
156.6500000000021, -55.17634772477527
156.6750000000021, -68.48949464884629
156.7000000000021, -64.44550079295254
156.7250000000021, -62.880945106661954
156.7500000000021, -31.94298184034477
156.7750000000021, -50.00747066647267
156.8000000000021, -61.36205697189337
156.8250000000021, -73.10270718224967
156.8500000000021, -56.21844721453908
156.8750000000021, -42.66986952799135
156.9000000000021, -58.41978877360947
156.9250000000021, -18.79329342111106
156.9500000000021, -67.7070964386649
156.9750000000021, -47.206618026578326
157.0000000000021, -72.92482711086507
157.0250000000021, -98.88923805342193
157.0500000000021, -99.0613846845963
157.0750000000021, -88.28293193033409
157.1000000000021, -86.77032672231655
157.1250000000021, -57.42676881172264
157.1500000000021, -88.24663693344274
157.1750000000021, -64.23418261623198
157.2000000000021, -75.41191906922671
157.2250000000021, -48.79722230291907
157.2500000000021, -61.30681022967195
157.2750000000021, -68.73937951866264
157.3000000000021, -92.13871767101955
157.3250000000021, -45.941020529197715
157.3500000000021, -49.645511107846744
157.3750000000021, -67.81293677695118
157.4000000000021, -42.25374442109734
157.4250000000021, -66.77197646357564
157.4500000000021, -67.89386133650908
157.4750000000021, -74.63816326245507
157.5000000000021, -55.49788968602007
157.5250000000021, -72.83919801166246
157.5500000000021, -26.020280845399725
157.5750000000021, -36.06932089410179
157.6000000000021, -26.05138895886455
157.6250000000021, -65.06266159457073
157.6500000000021, -58.43770983075137
157.6750000000021, -71.65711968829692
157.7000000000021, -87.3344326851273
157.7250000000021, -98.28576259127021
157.7500000000021, -78.53996510618879
157.7750000000021, -89.22841240806679
157.80000000000211, -104.26724599022117
157.8250000000021, -99.31653630039096
157.8500000000021, -100.7992995948033
157.8750000000021, -66.92205980701976
157.9000000000021, -102.6920270545836
157.92500000000211, -84.12355832514174
157.9500000000021, -104.24025093624152
157.9750000000021, -84.0750103050699
158.0000000000021, -96.66942814203793
158.0250000000021, -43.07302432201868
158.05000000000211, -46.342550808016824
158.0750000000021, -94.54141726035027
158.1000000000021, -47.73925468683814
158.1250000000021, -37.01163050062928
158.1500000000021, -82.43994373832544
158.17500000000211, -31.111556722649482
158.2000000000021, -46.12026075762799
158.2250000000021, -27.844739089428344
158.2500000000021, -46.56275470771334
158.2750000000021, -28.19770937483713
158.30000000000211, -28.374329460961462
158.32500000000212, -28.551039536575786
158.3500000000021, -28.72783962208723
158.3750000000021, -28.904729737903665
158.4000000000021, -54.60077361378592
158.42500000000211, -29.25878014208149
158.45000000000212, -29.43594047125771
158.4750000000021, -32.33251033905384
158.5000000000021, -44.980296884332176
158.5250000000021, -81.20145487579015
158.55000000000211, -109.5537305020041
158.57500000000212, -66.73459606307273
158.60000000000213, -86.95929267453403
158.6250000000021, -60.020478161007645
158.6500000000021, -73.61517807390919
158.67500000000211, -50.8216930166119
158.70000000000212, -83.04621309636445
158.72500000000213, -77.36316097394757
158.7500000000021, -48.23961685267119
158.7750000000021, -87.35753903004604
158.80000000000211, -31.92565611828843
158.82500000000212, -91.78895758360477
158.85000000000213, -55.00554800527061
158.8750000000021, -51.32266577832388
158.9000000000021, -100.28091090986544
158.92500000000211, -112.22737864837808
158.95000000000212, -99.97583705493224
158.97500000000213, -112.58540205905399
159.0000000000021, -103.28606604874062
159.0250000000021, -101.84358461465462
159.05000000000211, -113.1231162797767
159.07500000000212, -113.3025355295701
159.10000000000213, -113.4820454014856
159.1250000000021, -113.6616459159302
159.1500000000021, -113.84133709331218
159.17500000000211, -114.02111895403868
159.20000000000212, -114.20099151851707
159.22500000000213, -114.38095480715481
159.2500000000021, -114.56100884035942
159.2750000000021, -114.74115363853872
159.30000000000211, -114.92138922209995
159.32500000000212, -115.1017156114504
159.35000000000213, -115.28213282699784
159.3750000000021, -115.46264088914955
159.4000000000021, -115.6432398183133
159.42500000000211, -115.82392963489644
159.45000000000212, -116.00471035930622
159.47500000000213, -116.18558201195049
159.5000000000021, -116.36654461323639
159.5250000000021, -103.56564783381367
159.55000000000211, -91.2104588108466
159.57500000000212, -89.9521815873299
159.60000000000213, -77.9132111661412
159.6250000000021, -37.86447517293732
159.6500000000021, -38.04598389463155
159.67500000000211, -38.22758370781992
159.70000000000212, -38.40927463291007
159.72500000000213, -38.59105669030947
159.7500000000021, -38.772929900425424
159.7750000000021, -38.95489428366551
159.80000000000211, -39.136949860437426
159.82500000000212, -39.31909665114853
159.85000000000213, -39.501334676206284
159.8750000000021, -39.683663956017995
159.9000000000021, -39.866084510991186
159.92500000000211, -40.04859636153378
159.95000000000212, -40.23119952805297
159.97500000000213, -40.413894030956044
160.0000000000021, -40.59667989065065
